10000
90416304 154232120
73036068 6593734
86563324 130014350
18179624 81771300
77214238 7432890
17180676 193322266
30132312 50191698
31018550 92138376
151645128 124349186
196423962 113413370
159758826 53008284
27244642 27223056
56761412 163314572
150359890 49229994
143269286 48935914
196931550 41820214
149068010 141272862
195221124 107778812
9561746 316746
166556702 125133462
122389200 184296372
159114602 76160260
102018912 135230538
180274340 143430344
179382136 72050608
116248364 55806554
22968018 106463796
86651986 4772302
88040068 173274812
63717328 130977462
23417092 186086986
189877622 140447478
38452810 148781574
7500632 157087234
160389150 54642752
115551024 78885934
75447980 13109142
14684528 109412626
46723624 46714072
32416352 155121926
69105888 71374582
189721554 100786774
167615752 105971746
1103634 158932314
174360934 138576924
164871544 31203668
182065666 96024186
127765322 109985802
167351946 149463940
106696536 17667800
47450538 54093446
165880176 62304640
25759566 103581934
187655066 40727476
160567040 76676336
149444510 108087038
162447662 21386124
139362008 95481602
20378924 97396396
184172796 38692132
36879686 79889758
35672810 161641502
132872808 20923476
197804286 35139702
106878758 191499434
175505420 157660954
193683302 115288068
89828848 61219032
195644622 100608430
87585760 21454984
171102874 147922596
167285584 125176458
165197054 77404104
1881076 104939302
92244750 140964388
170821694 4895758
123122278 176541884
13110602 199836976
166610778 163614612
180520396 162855010
166987744 3695698
153544112 130756728
7282114 161061996
182457224 29005852
22916054 18389758
143293688 139659532
78906176 37437074
104336558 52586790
156596656 190871314
5862780 80422224
23999866 4711362
116029250 176671324
126854486 102959666
136526130 75983052
185516648 66385772
133118552 191872630
64560596 71415824
54479658 153054784
131322270 197574536
165617702 54554340
185825404 91683498
132409772 50611560
146530482 81006278
119716250 66575410
11100030 111369318
193702578 185972296
136904902 14308500
12081478 41737752
45503238 149585730
69117396 156800518
105274208 90018298
98291918 46480686
107109156 192243464
85030062 152778862
150102978 14751394
178300888 170759020
122338468 186001738
196659532 162455236
35148018 48248226
107415512 80085800
71006850 134647712
84747290 8634740
9247822 25580778
178485046 31988800
184244302 4290352
75560922 182121308
159265446 50172154
45187026 155630278
154656042 119172592
105490156 199814956
142463076 37969364
168447294 196143796
93278280 107680276
79449794 151651340
43554974 66717364
128671714 188760662
169845404 169410560
16389718 199631400
107021986 6645986
164671046 191732486
151183230 104427112
47835516 112710922
45045856 4880264
110608236 164824752
83076556 50577796
76266394 18945784
100373352 48718830
169638768 89683420
161718786 89181740
99180932 127745196
22355368 96661290
40021106 70480768
64072822 157733978
75500172 148300770
181394026 49118984
140771558 70436990
21997412 166498074
16698264 128164310
7600772 35333134
118113560 129607958
34437654 61471626
179059272 195291816
143236686 166605582
50487932 182968570
144572286 190583662
38935928 154423596
190807400 104539588
41766678 180791834
156159190 110610904
84084270 37668208
162777148 78699126
153285406 132566542
164707896 59358792
179117894 133631620
125849452 99276320
93425346 184637610
182171458 104844096
97434878 186660396
86451184 19412240
96125204 68197248
21110230 126678780
87798466 13033230
15213238 190401236
71600336 159432466
197242976 57542302
197485922 138180812
192777296 67514472
151389336 147561350
112657074 155299536
162885520 20207628
55245670 12531468
165846800 185673664
39586822 149241446
12037380 62133686
64701940 150903754
22508268 142882726
109044160 119660704
89548522 193638694
170419058 19481856
137994950 73173026
166174544 193301212
108725984 85830276
93516172 149613552
75488804 21779500
132583784 40282918
175173956 40594550
65744114 175074988
80385664 128383268
182572566 155105480
137460514 77093390
68553810 75830412
64467130 199172220
17321478 161177812
135231544 2900416
179612176 25977144
9032524 193343810
64971348 176086050
136421402 64450866
55226242 18029568
149698392 9939480
26853720 54222086
98524736 118069108
162820084 15165804
142061304 196128342
41774382 72515212
4552798 66571256
73814156 167432830
55773912 129065444
71513612 19321630
55849756 121389092
43182018 85067142
105654052 43882720
23763456 63621796
84746332 111277646
77206242 59341244
60101968 1086418
157253078 108238044
32104964 124241430
115590090 21234056
20251874 2673998
158546326 95201438
165169014 61666314
19326004 148905522
194931814 68223568
165735222 104204844
80715412 20684802
78891962 111695706
77740750 109019776
112712472 13983864
59600530 141996682
156776554 166917072
102228042 82112096
95214930 183535366
58251892 80937234
57738020 135808954
66052364 149300278
125910638 134672272
153976548 58832894
42104570 91376474
18514716 460426
162596016 166348702
138349558 85562204
84560020 62811860
149950266 186738240
94478578 72236340
56874094 149002514
53054180 146855664
87331080 5821308
74860636 157543538
83406050 118066980
57869058 143321136
9462406 197173074
60432698 57215742
80844268 27824156
92892698 53865438
69569202 144039220
50463148 189437996
12318700 40059236
37751494 114995726
68851034 65430756
121898730 83947934
141394970 82125994
77205808 85907600
15355730 38181822
139417158 38830514
162087118 108805824
160099628 92660914
157334828 40384942
19514380 25498528
124158480 163908620
86755022 41026320
180061122 121388196
196679040 75007774
54594448 46267426
196554756 148806308
188591750 148502650
185427148 141330000
53949754 62805858
9814666 34415430
188814242 7541942
134342350 46383802
146108628 53712988
112544978 7826352
197734424 24931088
92128136 107352722
190025662 175668510
10020320 142020490
90600852 91555000
26413956 151829504
106605934 123588364
30852384 179518746
104916034 116205578
144027192 76124980
144596828 756974
103461702 72117912
144822042 193744914
80667426 148499660
122319004 41379030
29092840 161120630
198443516 182601634
139467008 135007290
81890002 95703748
21761766 151760798
83059790 163220848
120387814 110118584
155790366 154427176
187256354 194691840
14297960 174906554
154645544 108405800
30192718 79668296
53916196 195763994
36219764 166891812
90248576 182596220
149963302 154073612
76325818 121438922
52005948 25654134
158271984 24031816
163658072 176839316
176209716 107460076
156069606 124049308
14193546 199189020
112443158 195411034
74622076 154100124
58195840 15220944
49102974 122094264
65108754 66624212
189422170 27662582
25122796 63207558
20742532 60202944
24969604 168623960
40421682 36790100
31636704 178411366
42144926 35688522
76975126 196209002
15958586 191197762
149409174 115367688
186445186 197974828
170157442 100402932
105948704 134557760
154775380 183905344
141570284 33382830
194662346 135252646
89378976 175290684
160082790 119892902
74182018 71934092
162117498 187166848
197406818 51872832
153926844 8442182
27554056 88509842
108103224 188051612
116046216 69814126
24534878 197152200
136653542 42474036
66901048 196016086
85817194 116295218
1445756 128030040
26010432 162881456
38411874 5640790
83027602 89408966
118564806 100740890
11037068 60097912
156215072 14556622
168772468 64447688
63223288 155395144
91661944 79610070
56181240 94285268
156414108 93700556
146247524 125895858
30522788 178549944
5332730 71066698
137214978 81236738
119850088 23479272
33665892 136477232
188208686 13716206
15668290 139893958
190868146 56798768
141204294 64989826
108321826 118598298
147250314 98539368
138856742 151928562
105155396 139340456
148935272 179861942
117214426 47382924
27016520 11180118
87366296 140510568
152057372 54506454
143776204 119650720
114323574 58306146
44203962 18505322
102541938 155268154
136598558 52266998
108640954 70140414
16804638 147167264
19436038 193540242
122916372 156661298
182337956 153042550
58033290 40165926
43993450 175772424
41489844 94978704
54214780 117910798
27395810 179806268
175698682 28223262
152797784 164173170
104621484 52527118
30005836 180374394
28667166 174142834
112364412 81392884
102684322 135580440
121687938 123395500
68359312 105839338
101743966 95191144
58489520 119132464
7165764 186074292
153921768 145732302
79468314 33840884
111323872 70940912
36911130 28254326
179423866 127547738
199520668 160612442
172963250 32903154
167709660 129396184
179243460 23419238
91938462 195206612
103380010 166383328
38744200 13341522
136272458 85504510
134091426 25824286
191890630 136021282
43449866 179500492
135853862 146861884
99619430 49529376
43246052 76170422
80098462 25258114
115105660 93339676
136492834 28560576
48065224 71327648
166538766 34082268
195528786 175321648
52787686 172982446
79542788 75404720
78320006 100545526
12836862 92315436
21765010 174689804
41136192 75149084
182986440 124286976
149760118 48760304
165541280 35375472
181439204 30050540
81224172 194390744
10589024 127259684
167919650 138705194
4354616 22048132
167384638 64496730
145174194 57743982
164588350 22190426
41745684 39013624
197802108 128948004
85176810 52812464
27720676 53369656
65403124 72080822
30509196 100821212
117698004 118319204
77599830 48707858
101729826 199988224
103381150 62304622
85882096 191833582
169448360 178024018
119760518 75887592
196045516 176754616
143357126 110319566
155344528 11644194
25461962 107027860
44857104 99101676
73790992 77092656
38084950 113524768
51584796 132094946
73358736 176267480
6335096 116430144
77309682 80763378
38077490 32597616
132247508 52452310
192727302 21784448
167709036 31773760
29764528 67891594
86430530 157090604
176959140 28118534
48769968 78722102
18637908 33677594
40367998 103032538
180479412 165383424
91033326 7929708
70754310 155459782
101794944 181346520
116299378 170660396
7285734 151097540
186155844 77099696
44125518 143131100
15626646 10089482
178751290 43393092
102330526 28648632
144673932 133318168
108662224 168338206
10255618 88417372
147856228 83743530
38049306 84919634
74020944 43316336
38779886 100075478
61576444 52941528
123525358 197760536
78440350 195697744
85467656 118700178
136239250 12713570
22733992 55281628
85281160 62214688
186744970 1166984
52070390 135102452
174350442 24234356
192905902 67021294
17018088 137756066
4636570 53169034
193102960 160813016
109919862 150563042
149890426 168589848
188055096 45090316
120849364 168560652
112320604 38157724
112098914 179617578
38569962 187477294
41642582 153656818
67804360 9289978
12721642 185135098
80328148 23140678
176367694 127483120
146075828 65508904
157603038 117591274
108116630 61644532
185291660 75880800
41018432 102113358
71066556 69208548
128626012 110983320
57888444 67774630
121382188 33202010
171283588 38150926
161910212 100400376
153105280 117231984
85680530 56828604
103999282 109049070
167765668 81475416
4071080 21958422
62858276 38559776
119971982 29671630
24316952 135576048
76350894 53750812
168216478 122480412
152376262 30549884
79451024 133841314
24208160 17431760
81470348 66191462
125791252 102255116
147066800 27584480
51356530 77529210
131524616 32884664
57786846 189663938
127980230 145872952
123185506 9551512
42080006 169250084
158265260 6671414
115814646 179738566
111045436 74637250
175572372 142088488
152744878 135074740
2465726 90480726
40633140 107174356
54452832 9736532
54227498 35765294
55600686 124499874
54755338 153817402
93683476 118112002
10453222 167225728
12932248 197117308
89795716 133879522
192998334 198881226
60663638 2666084
130815944 104873674
124816842 35736934
61503646 50936274
35867138 115755262
101002736 188515982
79933928 87600086
142654762 159490076
79477590 157643504
96021540 138713124
54063488 71708764
179843442 156951368
60729558 175468902
57535096 110797480
153009608 67807622
197814482 107160736
135755596 101261336
153127232 116542410
121324884 186469680
93333852 133196724
138714070 89397566
103754742 50311968
195135822 16418732
55016474 50388008
22842752 86966738
77950564 194204660
136150214 49421628
98401910 54097942
11582070 6786610
192096324 51033066
159521136 173730220
69519782 7218402
8199550 6224168
186913296 9060114
36504356 100362532
160542036 43811652
42773446 10273578
156950598 34343948
192455090 95478076
107878106 130263934
118994892 117915890
176362556 89211888
193361384 198754760
18773508 189595378
151208476 158773472
39337992 40055746
26819232 97800292
170109896 63295226
27632630 76643082
52504552 67953510
100233238 77864462
86804606 156855988
140002194 192728332
149463240 150283730
176143140 44311884
60291954 144896848
156642264 128236480
142961530 91981054
62558984 83775200
147361988 178409916
3357604 7893748
36532228 172299430
150889212 143667908
159361530 105136812
52448228 104608432
21214746 3262134
146133656 77814626
86428988 2721282
82165770 21365956
75912164 162569816
105103400 16167802
47608380 72933080
167154398 168303472
120091534 51852012
197466274 83384694
195913390 165785926
161400126 171673962
73703592 51751192
72347196 187129550
45557578 128637062
99823764 44404718
130546736 76372828
199578080 188734250
118808284 161809956
87897182 41743098
22723268 42168808
61570850 64610116
87687032 183450698
123335932 137697108
118412442 62531956
7420804 11340358
93444348 23600910
64014942 100931662
163839654 88610336
149193298 79485146
46032792 163620386
30281302 27751180
16562504 161554992
199283440 102580214
175211058 115120052
14450582 177767580
344456 91819088
181138520 138117924
10226364 114051506
177596542 183294356
117266320 95730840
41596380 82833626
69420644 74244324
188557176 103786218
149666478 15816182
174289720 14169340
186111730 132718376
67844634 13468492
177414332 36034614
6065886 9629472
91679926 32638276
102578680 90328562
49837850 24914492
44916286 186765718
87275912 115996578
143174770 16309158
61473682 159331124
21864276 129571052
134638934 18760488
69065438 44913524
167387700 167323246
97174586 105755548
30345890 40801246
85211094 188528726
149046734 99870484
35112896 16013692
151103704 112025168
158138518 45561176
78686238 65984784
20821004 144053870
51053656 8256816
84430480 195430818
12891586 23945858
141088776 176098766
155339822 169290442
110226500 196531560
165590244 144267370
15689272 180059432
83335386 174325634
94140802 31788970
38089340 109829650
26954938 111567374
113952814 175237674
166163536 29740920
1396894 161366362
165114518 137409386
45943640 108080804
92009800 57788884
146256120 123017126
43077916 162958280
169164998 66938290
53252968 122626896
89300226 142392480
110485638 65527408
184310200 84862658
64210708 196910620
75595908 176865618
12059518 83416006
1395026 198368110
34296872 78560302
75070840 118538136
159777338 133190330
31769522 69555034
129343228 126015220
181825174 4812084
27427674 103832178
164534010 87449172
23208916 123717278
116607686 135240114
173443096 183060278
127637364 183205228
155286802 154738042
7423602 122535058
13917566 49519206
61963644 17178426
124568640 167464324
136453938 115247814
58195064 17740936
80698722 176696886
161051366 33731858
99070128 124405602
128294074 5311056
94343004 163164782
36939658 131027400
48936698 115714882
249178 168101128
166544368 138555714
101657246 154068518
164666464 55220832
130901382 102281512
131718290 85179628
87162360 6471824
67248464 197043568
34148240 153678380
133750622 139126958
37141166 94999166
120975840 127078206
195838484 181443866
15202436 182710580
62767084 18726656
133238426 23545126
7075756 148255892
183125808 90067070
45441312 53445806
92756384 85143868
83484060 186110302
140013408 184939504
82062118 167299084
178211064 119057862
133028762 138607872
143208520 166654046
113290340 163469622
71075234 51457420
196158650 142863792
170640752 174261878
165541566 169267882
26973582 141270538
198077062 166398826
113379028 82290186
191332862 195105744
63130456 113956702
153791520 132556236
1512924 172576090
119331774 68459542
62451044 118458698
132164180 92599134
29327308 96455578
107108538 131648370
161719446 152526598
149926322 169945226
69635628 69344720
146622332 111216738
36427202 123549076
25499540 136947438
164761972 113248438
182524434 4372692
43120404 116339146
26951068 161074298
114836564 50265256
194870970 101126524
143667942 150238442
187111698 100311064
119141444 112255680
8579962 9317668
183383814 76414848
24888632 41516044
533040 159264304
49653118 107681060
154907412 50892510
135496984 180666040
176964386 15560084
17039408 1789506
141518650 3762856
153835296 185464750
51257364 76640038
30241410 53541738
193235016 115980332
99901072 58710502
78404312 191505906
116067434 37054166
59293064 133698686
95311952 71145380
142611408 160090178
11290632 161528484
163442370 96085156
73742164 133677912
7224730 7371056
12897682 160744548
173157764 109128668
29946352 18001668
86198470 105966762
76536038 22308742
35681490 15582580
147990500 37290822
99578824 148887088
60059782 125383992
190863768 132092970
3907598 85880862
49796348 153125628
87124236 34664578
192523366 180940122
197551800 112198564
25966386 126418112
111870248 62658194
198459754 73536878
41761282 149121568
14356028 182676550
133287188 183537226
162275410 198698032
31565932 184396316
152198672 87731130
172537826 17067986
159471226 77094246
188653398 110324060
184874886 19950896
67963998 17358220
67129028 178261496
53617170 113398584
144774786 40336524
107721434 66252272
29569590 142635412
150220286 127572062
108272270 94420678
168984098 40786352
34708710 18380014
171088224 50460450
28393526 81260248
142257644 199156800
95447852 44931824
185124694 149783728
20271566 178169502
23462292 147397616
31797836 2763812
106323086 54537416
150790516 113831442
64218530 93460936
42545364 90784184
69903254 46918770
8777862 163483344
40636484 195988290
86056530 92659406
39793278 179887420
109623818 59863030
186892238 104976024
195423046 489280
189943260 199017676
192237762 113964710
172003224 57665944
151219810 72928648
70473364 112346934
48449172 175643562
19341920 120856772
92285138 171233638
122471684 174090400
73384968 58608802
76999664 56152390
85258756 159931874
111441832 24010608
107097478 70755094
52962072 116957670
167009844 120741278
136661408 61634618
56594532 51863472
149440278 193708348
44550764 18542860
39101736 106435548
114782832 149141242
188259008 57285402
47223564 15364586
41673782 176727148
94189702 83428686
137761500 136733656
111185578 175843832
68139930 165978788
115383538 123955122
171821300 131804136
102139626 140551894
46883824 25027852
34686746 188025446
20249414 106319986
52198138 36618246
169487866 127311950
121164886 13705406
109558592 31389394
105368218 196353384
26288676 143792870
89097086 84086276
127036610 166475690
4574120 16335142
6453520 188006920
95127282 68221010
142156902 105338442
29866830 45802536
170642298 24568844
88653894 165651378
102814852 68400834
105201222 87897988
46975652 155262420
124845040 109512192
113232298 152156444
4568422 138162628
169692064 187446460
29703754 128445964
123164698 115919436
167446964 30758638
65931566 11369308
151078768 94905746
125749434 60224646
130536866 51501396
6529956 148605710
173795364 52903294
57867498 115742526
160654950 71222000
167406126 45473998
84907382 80490332
109920806 33815008
106181648 96451140
140486864 10987250
55557648 30312120
189631152 46331754
71660082 171255888
31301956 23375578
161939136 135193886
191477782 192985536
137309798 48799380
15450276 167113034
103824362 99437836
40049972 10044858
94625128 3465248
29345980 170595948
49227192 70462398
135839438 118930226
189363868 41339686
78794444 47816438
79317956 70329266
135048010 66555382
161873578 25030136
1082490 99969020
114139400 92744980
72514058 1586026
86828946 162034608
169839034 121217520
166378870 156682162
75919572 13728604
165064620 67319164
132407564 67470958
114686070 195746006
87607000 81473232
135071472 63753726
44301632 105345040
94900762 170362220
184886010 111133554
145432688 34047346
158495522 122702430
133949406 103989556
139643874 18099336
43575856 92432866
55715122 40484352
140215442 166260630
48023678 83420004
177134912 366468
12552916 116972598
49464334 147104612
125259852 34532360
77277264 83346248
126033776 68430698
173543124 126193210
197676224 69283512
188078460 195991174
81618198 136245778
74675476 173025250
19656332 67747146
165377206 163081032
68379940 45072118
158268272 191885746
28215876 122185286
83361670 18742288
163139214 98835908
42878396 55050620
36272368 85142432
33360518 26279808
81346166 66712292
46360416 164088714
145669692 111354492
49482504 34238490
161579440 11561502
77706818 95747496
183400408 9230958
168342222 95148148
155610406 151427764
196040452 76867022
48733898 129329360
102440930 119700684
177506910 92369564
129107636 33614374
192811462 57057982
98218164 92074168
106455566 117491328
14333106 88629748
66260502 50642038
45247206 149169078
136570620 508860
165692950 135667566
111232 175477284
391314 8594054
13899424 121549532
117151890 103882902
83617042 2683564
170055772 139742972
104962234 76692240
95609618 172528884
107826558 44007944
175874804 34577388
26862254 170627642
70398302 29669850
163073364 147385690
2334168 162049496
168956914 10691512
183914530 142376764
171991270 36831850
69789224 133698626
45308828 146528876
185255380 146559302
191574910 42464982
42427590 102411908
190958834 131264034
83552762 180270148
33723212 97679776
35243274 198581782
147976038 187372166
54101852 151749328
171818728 154536024
167115044 66051174
70907934 64440236
194524742 66161408
171476812 175991890
131873062 185770080
168360618 130543722
41477922 163271504
25839898 57580068
178809776 167256902
27290568 68817090
83319838 32174130
66537310 2066568
16665690 142931868
171996064 165268336
72122874 195396528
1143246 181139754
34213148 165298666
124730390 187518568
39397530 121937834
156918614 174636884
194162864 49651404
144267708 105755756
70082920 174419778
16579368 78212450
25133496 92238304
104930530 56120372
184787282 86891848
26631436 184553134
51659748 35540718
73524026 157948590
31973158 20876148
176742970 17967738
143448498 170224412
163166292 72214652
38701942 126895260
15279506 38514460
26317676 19805554
61215838 30101320
157518904 34939470
175369032 111000804
17955138 139566658
147180342 50738010
26523064 97693414
122054980 136749158
131198582 120061814
161563972 75995642
151563472 18758464
104646804 32799936
119324784 110378888
89158600 100332870
5976336 89346520
158555196 158579746
184626276 103013176
185348536 141215238
3526184 73858992
28174406 129892078
186115064 7117902
1551610 145225476
68142236 31104236
143850580 18199532
71484994 3280328
93709436 68407012
179216444 151393182
16257000 46603550
134249364 86157934
124583480 116857466
155648228 167772472
109826970 176249318
193458018 168624840
53940470 180059336
64822444 37975592
94669340 177571122
27661470 46672790
96456336 118410862
62068156 174586384
78387716 136373000
81063030 135036208
115914808 172071488
134988422 23673888
75641296 78743832
77884502 135111128
175348524 84522776
163457916 31589380
7817434 53042276
106338304 69322074
131960490 156590238
60856070 154544302
56983322 169847868
142699510 53781376
146850818 15553438
157358738 197216662
141915124 132698890
103663178 188986638
15278884 152457956
35083374 62009436
196320082 107028062
91129682 169378030
107848510 93735492
184284196 33820818
122971952 158980594
16082644 84387318
199222854 77813368
127046752 174388444
15573444 64862962
69811904 151194682
153491500 88615272
38643538 159304626
66360198 35819634
159153284 97051916
65149656 168396710
161994324 36456340
136041632 26142432
10983046 98878130
20177918 104314820
181705698 169175652
64906378 49119982
100044800 149422350
12148010 93824158
111258504 78785038
16775702 149022824
80072768 36689640
106013448 22464190
50259162 95263814
14234678 52090776
81789432 111062232
27575724 193543454
150983842 184995848
114153748 173291708
43624416 190614
23336210 46882522
74673206 115907470
64423236 120989860
118184722 32294748
81617324 120692952
125901106 147758096
112319716 27529774
103354404 64551212
177875760 312308
125666930 119437968
172210974 102287894
143668614 120261360
142579626 68733856
84762868 184588888
7018478 18543042
89656152 58583276
92753854 9288476
104814742 113400402
184777508 97995546
14753408 197836970
158573076 8418474
18896244 79832612
89528242 164472984
42207478 134503710
51174310 8541822
123543128 193242206
102328714 116410394
30488660 93006476
124462612 143114754
144219676 12797920
9664210 73097772
172274660 159970768
12378268 186937998
122913306 180404662
13493304 129979698
47131812 162517226
126573708 174244744
55594630 37316
119628800 164632614
12139638 148575662
63540542 110989274
164158808 104071668
124264216 107155864
133187426 33310612
137784872 74400178
124713822 147262808
190233630 133453616
173052164 110011734
135718078 41238658
80440758 75943702
69304880 177531316
189861662 36923320
127780320 15765544
781476 134685330
56595406 98437134
67011186 147426858
20511462 86310704
130053034 31623844
164903052 91827658
144700514 69489648
164501536 73079152
15539040 99590808
130871906 180531224
122773132 142175642
30797464 102014118
187515102 160356120
63442164 136406142
33627544 185631916
88335280 179577502
404770 141270624
38469558 4250894
162129592 28464872
171194432 112043296
175217226 28761034
87893760 192829816
116881196 34964906
94941846 28750930
44663484 121169410
83470804 100754118
103702080 114255928
130156772 1745298
172637334 10348280
188913822 149708700
183419288 7209066
98172098 116689332
161384418 158262864
71065374 78225854
196716426 55458174
158279800 175557924
14546798 117743798
93416120 198026646
143858462 78025888
4551242 85475840
162564148 146531384
140446344 35542576
4152844 167739422
64775336 96513768
160515100 161198558
175311454 58482750
72508232 25068022
4029786 76601802
13803428 183702230
95316848 17297048
70211512 153170154
72531288 102494264
115630180 121974034
157997090 13822152
53516936 173791626
194982062 182420126
174957346 61739030
112576336 129561388
136949042 62033972
64584506 28310306
107213516 99970428
47916576 135553980
172927760 186251738
64893098 50325652
140821800 143399268
153610370 2593906
67048198 84881390
37690236 198193124
112522968 104720674
141387184 24350738
58908696 144485602
58383964 60167532
31023610 38568628
157777696 163278324
116639206 110590212
190810968 112662556
18889730 27505938
126946472 8632496
184365882 108568588
138234164 17700506
102378868 174574330
110060484 122142334
54985694 106906332
136559824 173136124
21530170 91009610
142175622 128823892
189437660 99467508
141414036 113209982
22690360 144234434
178474766 36315346
28657572 148048558
75468868 188030486
85119326 175263370
46350218 133987728
70835076 123051340
64126496 25454726
154619548 4328708
86929584 8311990
3737974 49324136
68224368 46851500
189950612 188800252
161482614 18909316
18544144 102006436
57672448 41951470
67007474 1566824
112941004 108495554
160098414 3886734
162758464 37325260
99262760 107489510
199143202 179356180
173332450 134972280
161471618 131111028
47826960 154641962
184555938 171976370
74082556 62225988
131893524 101291204
177921792 61487730
185059594 17549136
73172088 86545670
177160800 152505562
10225264 199752966
96237572 19022490
92632366 117760556
63547182 65599370
61197602 54997678
6994608 65627514
168874996 96010182
197335926 187664092
64486952 106896760
7313894 132700736
35659140 52281418
4573016 158219422
13709832 159670860
171877178 76420274
157003986 133932470
71274652 75115452
109181864 49389374
94588556 152763932
111299186 104371682
28115402 34400246
139757802 111524672
166243482 182132894
14204310 88419854
84275746 171365262
198529690 18818776
55732706 153300952
28736344 38687030
103979852 84328378
34808634 183214910
39038800 158563852
44015880 79831332
35349634 54925524
26713830 20420616
117458012 176524870
78521116 155886238
197855744 9217448
61216884 118612432
164543244 101567232
162429066 134165288
26137716 92119692
37850772 21316614
81256162 86687958
27569562 109260972
94026672 59846964
22695488 71742104
121915980 120400384
175335772 73889430
20221360 80376154
74149830 157039456
90350906 75539958
11113962 37442152
58576106 38907568
168869118 77552640
72360100 192853214
177040400 134893126
186313018 67444228
138989956 48277300
63347310 46070690
13988432 174446314
59577698 117932658
8992904 7139588
130739736 38668730
31924874 139395876
86247210 13013946
142175176 13892254
11213774 87885816
151926514 29210260
151417960 81000814
50338666 143187658
21059546 16567434
46086908 47661336
73414802 91077348
155466826 70068840
59528898 127216432
194511144 130716936
150436226 60381600
58225034 36723310
119871692 184899056
196712886 129327508
146163682 87252076
115898824 59418126
193485652 23166516
191287042 179486652
89940168 24668728
134913534 182405142
123015222 61955048
37159372 101045846
183802586 117046950
96710390 20949754
117769476 62804992
3311674 129770016
107379320 64330256
58853024 85342
93710456 25485446
37117010 113330688
70722742 90283648
58221740 144465414
113137136 194054526
110488316 93307492
47203824 26495144
175241328 26566564
198502890 52626110
79316930 182106184
9080560 108414034
79733824 181045094
107346914 2125844
113707512 108479516
105540410 150432460
147243834 122876566
136475158 176230352
41296200 197353148
12938748 64025678
160043202 171756636
22248354 144225224
84192124 135677278
186993166 25686976
52414688 162095984
70504808 31554540
33898490 170193794
30958562 145090652
55460382 86566254
183746814 92395698
23987210 158952766
197462044 196286660
27645430 191070908
192118890 59108334
110013068 153628440
138304314 146450820
56881574 156895028
13373264 62470154
91382820 175212496
754246 91544014
150567300 171325496
198174746 174465790
116062284 37039222
77388114 17916404
47566840 70615844
13389120 142211270
20827026 41353164
123378240 86181156
172442836 114005584
185097736 57559228
121819186 142868076
178172558 38325676
121570238 193853926
70256950 141010916
21172032 55840870
176032406 169324554
78711780 74634160
12274902 31030610
91121092 105931728
73652986 122922008
46071392 139812564
64826640 49561870
168469114 118641354
20383916 100197454
197515806 193115044
59191736 162540542
157889772 177290268
87108108 149923816
118995514 36694312
50715820 133530652
159409502 79838930
186179700 149084842
136030050 5375070
49786714 85150542
63642190 91879368
195664500 7207420
27911956 13425396
91220992 135661512
21352944 116271634
13327722 43260234
46809644 121989896
195130006 46280676
4797964 116090916
169286188 151436404
112081554 17797012
89973030 25088344
175521124 41479378
49852342 115220646
177414442 29882218
167505490 79467486
100016860 106529750
155480662 195654652
97733790 69442340
101954742 94868468
1890852 82560776
135322600 160696308
29102730 93113380
139839302 83661440
95055128 120129374
75060284 94678334
100348410 160614588
120207966 173060016
187324178 128940016
129301058 137227928
101374268 76528300
128223934 150592170
140243246 73158198
23252320 89354506
67144070 76716494
103819952 88553840
13810172 65583066
38152512 158060620
30444402 124628034
135768616 20580694
178776376 162151898
13690638 85630402
74089040 111770708
133300016 73794974
127291928 17864812
25890638 111977910
32076250 102226962
59237318 26201998
4070236 188546310
130179192 98364782
195804600 43064170
145287094 117485614
45155106 180759176
35622310 93366514
49755656 186753844
192719850 150582114
144360798 141375802
11082240 53128062
170717332 158452812
7940802 9714872
55819186 140373992
159225980 99236570
69241448 155148626
163288414 28842538
192424450 19600972
126815614 112672192
195634492 36340494
58657078 132035982
189734346 129541808
82177800 32667462
37918494 148356026
70866800 171017416
101950304 158896028
62687498 94341396
179057184 112951592
187521596 174510830
197239800 129315926
126800532 140059554
165965264 141531376
102134912 59947780
140131766 68751498
165847628 30424914
178948398 62314568
189076514 5524010
182244134 30033922
194140702 62349190
17855440 188612458
78601730 34668898
104700250 64671688
50081508 61439932
132194676 54274712
2322326 626582
130701602 122847106
128258626 133552290
181271644 124985058
94889318 174721152
81660134 18868702
142302488 133841726
107671638 117118414
114287514 154118778
34904296 168602430
110253184 89557614
140301200 126878224
187070638 32735788
112570798 170727934
138158334 126740846
193308156 192339888
14178500 98802522
157272828 146039184
184559932 123010348
151819694 61192166
14614934 83342418
76573380 2854812
85757918 177845304
145321712 72906536
132407914 64724546
50529022 9814788
25787654 4238584
95319510 140815580
46631688 59722456
98649560 199060818
46734218 56325180
144237978 185697186
170872496 128535146
188409126 16024112
53916400 139831992
151001946 128813312
109006154 23781422
124330666 1665206
43107544 99318678
13653416 46421894
136906826 83702114
69111930 69650274
74018996 199220364
184420442 48092052
40430620 148381120
112878214 2431690
5950610 20729834
10358984 72746360
75272316 149145420
154095570 115950048
170593316 51873156
108504464 121249124
54863126 178547694
147361304 101000000
160835586 122931050
95566068 135271864
148133032 124857000
16543398 12964162
166446160 24109214
157249836 166041410
61945668 180409734
66760500 110970210
94395302 67664864
47418504 131887702
46795372 45668788
92700118 23555870
3812422 68102528
6594058 143285292
133009378 84589476
121511142 144655156
82981388 161044746
198503578 24882302
75377560 95368244
100231642 113971926
33361614 119556804
107860796 2637728
94295970 39764332
92161798 77109678
179028758 76474460
103433216 8219664
124647632 62792758
189747852 72113194
179303366 58722134
187952234 32923748
57257704 184455178
170209774 60101724
70407540 167540244
132426418 108139696
182890572 199711622
188845314 49222062
184098148 167425200
65787758 170402502
74443176 160056394
184518066 156189220
82270630 180502264
196994342 162070538
46773312 172861326
198647248 144564834
4847866 186214890
36569318 189073622
62505096 39002768
19413150 32720938
139288274 125367812
55901880 163206714
147075136 57888008
145242882 195756862
165994748 169005638
38413284 7690500
159038884 159079886
138046114 180922894
50391844 33749478
187405002 38728960
94750510 84220454
62428654 1134290
196160026 70454646
106944770 186170050
70308340 136491334
168472866 133002094
178272280 161066724
187186028 86265034
161317476 185218606
81177548 130343536
48638776 160972598
164122078 64021890
81323390 7776804
119087542 148397500
163459724 62520330
173756430 32899332
14997142 147980906
94749056 23131978
17734358 82069138
72306978 78220640
155017406 20898790
39718 134298726
9974774 32509742
72484140 71261978
89629358 148790008
148543542 97090620
18398076 165070374
174508590 50749180
101850742 147897906
142863830 85358184
31425002 123033996
147695732 4379210
107823268 5560332
150094222 63593392
34724274 196350070
156384706 195950396
40013808 169924222
169842732 563918
194612970 184925184
175754830 141357412
143373810 69619286
165562412 100640268
195525990 138703918
136991002 198965076
178299634 43914248
137149040 28312140
65554298 125866350
141993342 34089502
127883556 163949586
155824982 58853312
22598196 174612368
5079492 60909410
12725148 144156078
10839948 82352844
128807110 170832442
129335814 54693496
65450514 46677224
117851110 1601472
179552728 183964998
77121496 100658536
115368342 163452002
168842202 145160464
87903748 76950064
89992668 7131300
53770434 74454668
14802188 24971760
33460128 133640648
45619336 96786056
114611872 32977740
104694454 1218828
60655250 45523542
31122052 90525738
137419294 2535538
183498990 130988950
84003574 197769898
18688696 145810550
90140004 75674468
90797404 172261068
83715324 107589462
123668826 43231890
83721242 94166942
10172980 96813288
133845896 59889540
130495490 68052702
104729786 49003344
120637162 89761536
63933746 141276344
52100466 191359696
157181124 16885670
28043868 47552098
185918192 120364050
173402332 115406660
149834688 8647556
163840414 49146790
133683364 61858378
69318052 114940512
29575008 51133898
61220766 133307346
41848042 134445500
189847548 101746430
100460844 101976768
179029552 109394948
109830152 89871238
125057528 9832730
154929996 100720742
9453866 55895912
59768390 180238944
79682380 12771650
181318382 183037472
133020524 166434712
43776432 131481176
175763342 128124034
44180428 176910024
93891622 130067460
145211876 191962838
70423634 72969858
130702448 52263418
91488576 75315170
72696528 55467554
10503486 139312764
7732698 130000482
172655508 138968282
9824304 196998456
135254730 197422820
60553196 18038878
48485496 82681814
118000596 153388112
29697862 154787884
96889246 9397392
157589026 11064328
55445528 123174156
167393492 157544372
172787746 82167396
21211470 13023668
195580092 82645982
43825800 68139752
178358056 32680064
198092654 38434166
99987106 14744734
42415404 156941396
79461060 20212626
144832796 122390588
104129746 70856506
169819184 51476666
46252490 86495216
32212132 27051888
153347146 160304552
39616544 99232614
145724314 162697450
23596496 34914038
166610686 11876750
136189816 169044440
170470220 113747064
37060560 14673236
119686282 75910410
51997172 59253814
3198088 31845624
117235272 186857264
116814528 40276988
147572804 61662416
54423796 51443460
192483774 152439076
185291644 60725182
111877502 15576114
20279662 28397516
135883916 144270258
120106746 129481608
128977502 177101488
186854858 61660784
10569120 26009078
110688946 102183526
107667256 150187398
8256080 157323858
8197596 44364662
162514358 21305268
57332428 140679134
161495246 32025908
108494636 119544846
88600044 192833288
196535122 186064682
185778506 89518738
45249670 79770326
170022150 58480054
81170250 70826860
59753350 175821362
129565796 113588616
71315584 161616648
144405412 103339246
53163264 116524250
35474162 139235524
152265934 132954222
109177440 89047522
187295640 53159130
58091358 13631092
92262292 64062694
104582098 127739956
168083212 92306104
96617164 50990650
178539406 119910878
26135944 73872982
145271602 32616250
169041822 163531044
65251942 39135820
35998736 119267002
162111972 166674050
184517636 4612962
86916966 188148922
189819470 101777992
144359712 76313452
195016310 93925342
98117432 181469384
100574356 495442
183992652 52733610
48736480 43185236
45493482 92603472
35684098 128750798
26278254 95558496
171555300 25462234
41294996 17371778
20823988 185272224
43054902 103032298
29829650 197657650
80141624 48176394
105040078 12170106
102935706 122141048
199335914 38711852
54266898 134589870
320228 20537176
109208640 94828982
123527282 98089660
94070586 73154480
103436078 195994254
53358148 121703184
63893808 59440750
109654686 154001170
147331278 169250998
164744416 558012
158224214 55928124
124958312 173442860
87669608 100555012
85876206 131098280
184317372 174154594
3199410 182010422
78616500 125009126
51385136 40661896
17833538 177445116
15697720 43621978
55968956 53420544
164503044 6700362
118713582 183439724
100105588 109470486
2755018 43810342
166847786 24125780
11502292 151527270
150773946 83778856
37454890 15062078
175243312 55803766
113767702 141463848
161804934 15744578
181745456 87178416
129787344 197654418
46951378 187451752
10819924 129168084
104382220 196436482
151857128 23531502
4597114 118463080
163363598 44697030
45786816 67124638
102757782 105536818
23828866 59324550
37177918 145561880
120127014 178153800
155765360 178533490
133289172 185973224
170717726 45262094
109348856 71273618
81865992 105997016
125349696 57686764
193613976 45419496
56752852 134916992
55779302 96294786
51799980 159288516
52035584 36032568
110325998 57698058
72609528 79673004
141696952 73793758
114859118 177263246
33019704 113838694
52977638 17082278
35229474 179712958
133151088 11749916
180147044 70281762
18547022 164928250
42635640 74246144
65728868 188729798
197640338 137810168
142575582 128790596
138368210 140913682
162076548 39990572
46168776 37752504
6941198 6706458
78534434 147019658
117095702 32913018
168258410 12314486
101035414 30447292
37101016 132046700
183354404 176764856
63738132 7623686
118488438 122203644
48532662 21997650
104771304 48632896
179522826 120539892
4019220 104845072
95818856 29110086
56053544 97014682
94713468 117355500
61940890 184943662
144719834 112084804
179062056 76536466
196244514 136157654
332284 101709734
7741808 198829422
23693434 10933356
178978364 153941116
94402214 114802058
190400094 120615458
169333362 187578170
76976732 81047600
95627624 134450220
18720236 18802586
102531706 13234784
172445782 161448316
186257310 101881498
51873286 137628084
139749114 37958636
141672858 160158648
172189444 194297564
5162920 81169350
21513364 124389386
81446142 73358004
3256904 83622054
139078962 132729466
115107030 182260088
31430932 138093872
106521218 131850168
169198462 60298328
94851228 160191762
120469128 138187442
109623190 199392872
85851698 103247180
151123896 31152564
2808998 58893756
155537156 36959570
82713622 96622084
103649508 125509712
67285828 56547364
165340224 107373974
97604154 6814760
196890710 125218448
87054308 117176272
84952032 69439814
138140166 18924740
158648820 191154106
26534980 135390088
180788118 107161848
150376314 194191688
96027714 186052700
154521884 190328612
150235088 102933476
69728676 25628498
48331276 99173998
77831204 91868248
69943754 146989754
122803038 87982360
171819232 21719522
80519086 18654280
78184930 194924460
60744742 62413216
9957380 92259678
170691122 30609316
96429802 63937808
30155926 191177172
57229038 96910070
158812940 146147040
41830846 177008782
188678520 143093908
86941436 25464066
1701086 98948292
34979162 52571096
68419574 43662644
44616538 73628936
171395914 88632126
189774282 64255026
102619382 72578236
75865276 29605648
172667318 119660422
111437744 94215122
106593116 20273806
171555240 16385918
57110652 149725786
199041118 73383764
75917534 142716996
159674566 156769454
11157988 104280892
164261274 161572298
10721696 71791782
154570020 144055554
31642234 80463054
174178174 97369266
157765672 10560460
133431730 131958228
60141420 142538084
139895952 54690798
130981262 112648020
61490064 16454420
108229172 193566606
177448238 67074450
41483458 153087106
153252478 33787926
127838874 70598446
9549806 62002036
118407996 97227810
80494878 51835112
96261566 170897106
7031300 156459826
74832376 9405344
130945624 107782068
122770002 197744736
145942692 133406724
94369478 131524848
113387082 126987792
64602080 160244286
16317156 89055376
149095416 132738324
89721810 69773408
123033402 6016872
168639408 37217480
57217278 17601778
42277864 43593444
100329866 156491192
156133782 76629042
47049326 24259542
124288296 47797656
9135444 191660546
111829018 138472730
15757214 117426330
198140936 101786090
28361396 161936614
97638466 79269624
163516376 86943468
169843936 100669296
24091522 96148240
120110780 128626616
185264680 69173726
58398264 120277216
56476176 27039056
44953092 11143244
137654230 29258334
116026976 164647222
81514510 133091980
141953876 181056764
155960538 190584770
105762204 180475364
84007740 169209682
176532154 95376162
22888520 61432976
28596954 27004838
154623604 120809006
134554898 181041490
75403772 13100788
54408836 60764886
67278154 168141150
104215938 35321076
188917884 40264646
112644546 177340130
92736786 102834734
115244978 10018498
23554688 19105992
22152436 164428486
149046948 196706838
77415774 123577566
39541350 126408718
94060566 173637230
101137326 18172940
136628036 157577498
87835034 156409994
68768990 159354738
63647038 86379608
156039238 19782764
32057444 176248156
86196842 71678072
55153238 194743274
137529290 28156964
29522002 111791208
35078802 41164024
35297076 164390254
158918042 116686110
39791992 92814884
133746824 30756836
42702562 42634234
148695058 70568490
56872396 100123264
76125418 39205422
165628166 150370976
69795294 146115906
107849736 73006896
68482466 128923662
107385918 68762280
71348764 196129316
87403164 9052000
137069994 43656696
176624936 130214016
132158368 161814674
25122100 145568318
99444892 17416052
17330660 142813690
112569390 193460556
115426890 133766914
117783780 113849638
27840408 115845620
122572180 27407142
139778690 128483412
108044590 36419188
40231260 37587248
158089882 20280130
43631678 112304192
59656446 134090120
132434958 161485108
68686152 81391024
149721520 49564566
55960170 183149814
101898922 132135492
164689924 55512816
47931146 161951704
144978796 187239936
103208298 26921212
84357308 113177040
190354292 18951320
87846228 60903700
6087816 82295204
99787028 2171258
86181646 187463652
151474596 57622804
114396270 10196070
100561692 135841100
183712380 98089124
121984572 65031322
34237958 146851924
154209074 162695666
118575928 154534420
96079180 194759630
9915430 129720934
126787410 32726952
19653136 31832696
119593388 106103154
125579276 190581184
77183868 34909484
49381064 27836888
196190358 188545086
20894166 154908594
68961994 57196006
127562668 72177710
50626028 112020122
7492280 83707520
73529000 163093498
92387162 15511402
152549330 34637934
53654610 25502316
82613212 130769972
112031936 121036548
77956142 18150010
93324352 72076438
92197798 115302694
146912856 196140780
74436640 174164802
192514524 32542520
86166330 68082020
141344074 99253546
104230578 130292840
191600244 86781220
113400056 74668802
28645800 178735302
5744056 126540058
67203446 175168550
3299012 61363312
59582562 35294548
158079188 46991332
35812402 173922476
15486128 15053964
143626056 72497910
132561430 138968816
172100060 130753582
44647396 24369584
190161078 118898754
64125034 47693386
15381524 92559934
159781296 38077748
45831690 197116298
2472448 173089150
172806858 96841298
29669348 62392846
65067286 23678000
2205604 106905888
95468602 173503480
158055952 139002858
135211970 157031300
169711346 23489106
137605168 182341158
64523608 25494478
15079304 154334890
5706672 117542976
73931024 66325052
102433380 58906962
112536886 92412898
127944182 97070874
29136196 139912746
169739470 34366730
46953062 79745198
191257018 36089348
107391882 124876028
31847888 7366484
52283444 3718418
97708912 147652842
82207354 190900524
197423184 93093862
19297332 105786844
97315428 86409096
197644522 154683980
181704022 20919262
134259758 149582898
118411170 189237388
191995860 187534456
81931250 46862196
10346250 185959476
159831622 50514628
29087532 179028242
157545154 90079428
55404982 26174378
190478190 8864006
19658082 53973778
195824936 185640128
195751084 96550372
89221866 88680928
29781132 126491672
107354162 61243030
118089748 130885880
66339672 63975932
5132282 52041210
55964032 165755652
104432570 126166250
104910854 68043388
65349626 136745542
160803554 39057272
62807198 96977240
135727176 57979712
63778150 7369380
168000350 50673000
82001050 194843668
46530358 67960968
61836858 136341070
52661286 174068310
44694674 181783242
120293210 126998044
115736962 79407040
46467348 44115952
136632966 144761022
55431370 52543458
122642800 189006052
172356266 64250698
148330256 89429188
186670988 131112430
160257716 169628160
178373584 90841304
169082922 92627956
17031250 196443464
155819442 199416252
15659270 29438936
148838894 78134906
112031400 74440124
75283432 142993718
42939168 42239800
15887482 189785414
39394470 168765146
99949078 155600118
77889328 68781516
124556914 198949182
35763838 145149260
184393230 9959186
151840440 113212454
110803802 47175018
49698164 50089324
99709824 174317898
177962358 127758206
57342644 45738270
41643612 69742872
151781276 138505064
136021070 42616774
189032864 13779920
6061844 136808392
2676232 60181672
84598482 36707274
170320402 171783394
151810208 174841634
170179728 130068006
166788608 186172412
78866670 161828610
59844306 47331074
15342818 71955292
22409138 199030104
51735196 147513328
98330962 64029002
33879448 67607330
15522796 132652764
62298080 167862006
126719358 168258486
103051238 20204876
146060730 152992010
5443138 174644946
113219480 196905528
124261856 129401276
17599638 197788098
138348376 71188552
122066914 145161504
15671898 81440940
111767144 160260756
36532788 18814136
33301084 8496914
105603160 127788332
81690018 95304014
2214952 128570756
96306796 156454108
118790720 99940034
180185960 137812874
63385140 153141650
24996026 15864478
39775760 55621398
4036628 73719034
92242546 156829548
199110368 61645452
166422484 61304222
199459550 126276344
7613528 129323872
120273262 101356474
9113558 110892788
17400488 144538544
179161840 20224948
48108804 185311008
189979894 132794070
22334202 10525230
132063188 86510066
33731622 121145392
141443828 180526938
10485208 170845834
178788040 105023730
33625140 24649304
189763756 124604830
34193552 150891986
107344972 66110348
118928918 46576922
18011952 112672402
17450394 4039372
129059794 131999112
106386670 78585412
30236476 52409632
91156070 4660732
39836128 160174668
146090704 22391648
14910422 49070892
114784364 64876142
67150452 24284270
14880616 189808924
50713542 18395094
30932648 61019696
19492836 43748012
154868914 198405114
177100868 120807848
80206254 157563786
187477444 142613660
160845686 164772904
23867262 199224872
53109408 111135720
34382672 130762878
97644572 172413924
33675202 55902056
187044844 91929694
45843200 89294580
6387476 172741704
181171562 72093836
107454956 36582820
154691640 121522004
59187778 177286592
58838780 70463264
106967092 191100928
10629844 76139218
98859158 39033504
37874978 49260350
32478082 121045402
119952270 136675528
118232902 156285568
159725752 14987144
111165224 199402666
187295812 18299998
165965400 168568816
190211530 117599356
86949926 64165626
181293772 25148688
164971270 58625718
63486868 52478296
35272572 38026058
4637626 183327504
176518834 7730718
126912420 102442932
186308118 84410542
120607986 19712230
117996058 124175634
27239488 88422288
178749996 66879480
173597512 518896
173034524 89062954
11672738 68355286
64358450 145471500
181191894 162916378
183277262 98145672
129318794 146644664
199025966 91786886
18437696 154770978
185166976 64973842
36253976 37799662
174597882 20267040
16045412 117760232
171798728 62877152
157529112 176308446
33971664 164444888
191390262 172610570
91588466 14249652
188247102 64220860
84941538 106638738
14380416 140775810
91762028 34231870
18223902 58828368
84606928 80048628
97003012 172174830
62380028 160055242
26979978 26535484
3536770 98967994
165721462 151139290
19984552 107488072
90049740 5148840
85350744 87623070
142629508 175072764
93044420 181196770
12299212 53668862
26653086 24608
139813660 80703046
157149220 165172896
88561828 152789456
103796098 141450404
105462170 180159028
30443134 47041222
91169134 135075210
93977524 131875110
70199084 48718466
13131538 127405604
69405606 120783856
147386920 154389096
8287932 168253362
87008556 127865614
25026128 199459556
167660964 171062360
188340432 64905512
148319980 39317412
83803690 156532136
25740834 67211412
15829000 133991206
96467526 24638184
182312150 12376600
16155546 82315694
15522344 37456800
190725096 50894778
105332884 57208718
139476792 144686810
76871980 141090688
161173534 76238126
93012760 154199992
181613182 85685204
182323528 143984192
175207828 174602154
47159050 97212488
21414182 157940006
84568138 120244094
161239182 2061716
141283434 184114506
134612840 186348258
40457334 51745712
113343250 48563820
23231930 103775584
4646026 93041846
43713404 143178488
38516120 19720090
169442790 56084898
67431744 160674816
165895498 193729396
131422174 99830428
146394082 36015466
135510710 51295492
29395862 53716420
39040678 17775842
4805310 142221070
141017408 130993488
75661150 184409656
115806822 170916486
153768872 128507906
63964770 26915874
68916998 168775370
25670052 90567334
141876774 104025092
80701800 125767832
128478646 94723878
86191812 117886412
102365766 108641400
94899254 167805856
9226146 34420428
23876972 179300410
113816770 118888414
161639010 52904764
23193340 90167264
145456620 39218338
147297336 142592016
67337886 122869100
117363534 59382282
9390280 78116244
52066958 141290748
83824332 78972716
41775182 104899284
54028196 178521408
98971154 87016266
87432548 21864918
99915316 150387120
123561892 1977732
193917152 99227484
196387750 194853168
59511846 140962440
181814048 71735468
27211520 87487342
192801920 89748600
89392578 75797294
110406180 28867822
153371730 121730076
176797670 21957468
11769548 194721422
44908280 185776962
21332824 177047198
49046746 17222010
12137206 12431400
6993668 169933144
120364036 163638360
4444002 41731840
62597506 145699894
22884398 66249094
37401212 113645344
45826040 181681310
179802216 46023740
142202980 46722108
164639454 35806736
31049582 181887922
185008126 199804366
40767302 86187678
166533656 30651226
196698398 40298460
192706016 66556064
104610008 183280934
23267360 616348
7259938 101721052
17613680 110118790
146252094 13925418
38988220 146649132
119113458 81508182
134729678 161368688
75436924 74317078
197465864 64104330
171880246 93139456
151969788 149538474
55273518 171923474
147556146 143158218
13420436 44381110
6937702 27442204
142039370 70221144
113371382 145638960
120209998 80387734
88634718 9301132
123672612 81790168
142933744 49684326
135041148 72936176
85172780 67038470
196758906 38599662
20478796 86288150
101589692 64315128
51990530 5963128
182179852 28891940
68432288 184190060
153872236 137260450
174338934 136592482
94633644 118286906
89654704 199064900
120666546 42904534
108122632 156942262
125252292 115088346
82464178 116168490
113967386 197719474
104079784 50557534
31274938 30680014
182819728 98141148
81303108 5369178
184012878 42636762
110587042 68149790
169980440 53509920
80548126 192446380
199159280 129683690
88614290 177505198
160094758 67082118
74533856 109954076
81232614 37322368
64346234 13028488
161694350 177454530
69857124 95904532
160483378 154264644
20098806 164462852
27948004 109650502
78391332 94903122
92473942 132192756
22207618 182795292
19906536 57947078
140574394 63650600
71787668 125745006
103250824 47240562
8815672 160894734
47264202 61523088
185748710 124155452
157849112 76447940
168339904 67316944
105491486 7243652
34497856 124755404
60838588 104765428
51360626 150183946
190969416 13506416
25686936 157262360
182225252 76193404
3120084 63313640
170485912 61854002
161930940 170017440
87882356 164975904
147322116 19636624
54753882 177870172
168316920 25110950
84854102 130448070
37935916 191683798
149122234 160775844
90904958 31835044
9340734 163100512
31414638 28952180
149376730 14804002
27149602 149911334
113814516 3099908
188865864 141539814
119500452 31230844
22480976 90909996
30189084 181916866
47402000 150845588
125397964 133083242
169389832 20511218
14038186 118614020
130697452 126678104
126043692 12916364
193996230 40900404
97501064 30411704
113221532 3519038
123755774 129210612
54702144 137494772
37955698 145369800
25607540 124023004
28145414 159670060
57650362 47774248
147404704 97953382
46804370 87208664
52421730 19220002
98777036 110196752
14608070 33106504
60232634 10986338
101083210 19110552
172045816 51524300
153537946 196789036
156023202 3130318
43401496 3152026
47425354 88095460
118862500 35647602
89162130 40769020
195536194 119934650
148129022 90787338
82338242 147571214
122059530 129104194
13086582 48883428
180928410 144347058
73169134 47376164
71071760 157288564
63941004 1301852
153882258 198146908
33497850 11808658
192656262 66564600
110562146 171618792
92401502 139398428
39091476 138195080
155529152 53384068
196252082 168820524
121076624 127732044
80516306 171396838
53432466 112603064
74014896 103698902
135324962 114935268
153098960 121940984
168944266 155963984
43965406 71781664
681960 20753998
7060948 21848658
7303974 45709030
55904970 44152476
172709760 93077214
12361952 10275810
117862466 178142764
105197706 91245072
188916874 36430930
126813156 102742832
29347914 99456024
61588450 164044860
131802906 126358270
138693336 29267494
54545774 190232372
27775586 89638598
4246192 181816652
42646340 49242662
41342704 91351898
43452022 22161066
63261236 2026260
157426954 87519380
107923426 124038798
165132018 163934466
191113784 132073844
36966404 162842370
27469866 17224368
51888268 2030818
12505968 77976894
190962460 169020748
62169608 5747622
103611306 160421070
131913736 138790826
66547816 124092486
52312782 146337400
84272454 65402670
45770312 24940384
107068524 70679342
136499000 102702402
2597422 131657182
113825856 151860548
5229916 132187208
62121096 189672062
101169602 3600622
148230586 116500042
145639772 59988870
185914436 21645880
160578258 42272120
138535712 6391210
89723950 47106860
141175342 163430830
87369054 123681008
54890208 121968992
193757978 68380792
60549222 168774832
187076560 40540732
148495906 42167792
102762528 14710132
77134474 96952774
76656190 41711768
88046440 191559666
53746968 174184078
26684534 11330716
165614046 10518152
179959836 177777324
170935520 93615604
127608906 157308618
163993806 50360692
109370000 194871958
60699402 81814618
101807322 43115188
149199586 185380544
121252246 112838104
177037946 25097848
47190820 104863732
47778254 105356784
182824316 5387380
157430814 11606734
13886292 171182318
138374428 42858376
188823742 119567442
24186046 80953828
67245620 103677378
178664298 100299648
69190162 72323368
188261618 97192446
179908862 9078232
6768104 175570904
12554466 136448860
47889640 99626684
88014718 182532228
187534114 12629504
31360086 118570004
58893948 184511060
1646332 197626654
175251618 180600540
160700802 112826530
120897848 123860108
56752664 48558176
115819630 120660780
26990932 110735482
176858026 66772500
149687926 119489610
27939950 55643896
14578252 20045386
143388550 131355746
57805308 76931730
119931374 187613110
84461452 144677014
81762060 20880978
27677112 54100976
174767600 49202366
79946924 94384216
99486208 121632484
180678820 42368496
123479680 109459048
68813326 198422096
59078716 108572654
147593598 139969758
56066654 95500872
152374934 6248366
166379382 127031826
122963230 67697460
131382664 1224536
70368412 124905248
141051768 106190816
11298748 150326184
111772152 108134586
69953170 173666766
14783304 4661934
22363488 89796588
118125302 102139110
169549510 145391688
169865854 22096294
103393574 66302344
141361470 41205522
85429996 20203728
150241736 38929490
88306558 42751562
75658360 196249544
9160374 28921116
10018278 131186792
167961834 125254860
146132542 165713256
128297784 23920310
93731514 118585932
62228238 94697696
169484916 167934396
123835512 150717384
78840980 98720842
56266358 172703092
60487180 57001466
13379528 69668558
46704148 128817096
185957764 36846188
183091404 193060496
123089620 110067772
37865700 124730578
46560954 65226532
125081620 157743356
129969368 102701864
140862790 124837210
172764442 115450800
82830048 169033580
188883970 76072762
102759844 54857238
9011702 173756042
91727738 21865282
123151334 69050092
108718058 169088962
2586784 9251216
91375056 174117812
24748040 185338942
133023076 86345516
100485228 146805872
154128564 181868428
105278350 34319014
70577270 139857960
52294778 12953426
188727090 143346456
111542182 137073512
46963240 25785704
87637284 175695450
63975998 49018126
142067050 59057326
192754338 3878508
98161142 44860702
178027492 166252100
120789758 112257184
110453890 114965816
115238312 178999748
104100338 106539932
28784542 23669630
153070456 192686816
79171158 30660642
171647372 72790300
120516690 103658438
118902536 151675934
22428460 82040502
102195274 170121696
163820836 113242628
154775682 132095318
59295190 103549026
88533016 162664918
22223118 100728528
110297208 75206238
72989336 127640314
67255318 48337330
51788638 132478436
81892110 103411912
103463144 183045478
122591096 144313164
63161158 160316180
16149686 27766790
37098918 83421914
191040182 123136642
169622312 55071958
25893292 57968970
187340982 85755622
104316264 17982608
194081198 78220800
100398020 109690278
36015692 30937470
161380482 113268224
61965938 128636214
160259362 34429006
82514244 129842304
63074862 166543454
98451436 34431128
100617808 32015714
112167430 181165124
126545898 183140452
58528176 70644404
193366556 159115330
33833670 2276120
43496280 103462954
85772918 20594570
196443612 174138492
35954894 128295202
83904188 68880366
162339878 150186088
30492834 18166704
160942554 180467314
123357534 109312196
166540098 59426270
75347744 24386036
10529190 22770850
62187186 25602936
188161906 177614330
144846802 133440174
105911188 133760134
175888618 123834150
56224162 61921730
142954544 54758310
65684010 146353340
182521444 21232230
175599456 176470818
168753330 88360650
146935098 65244348
107140982 195896264
199983710 64105266
32847538 177725356
117627488 161601676
147380718 62942048
160184836 27126096
59288864 160737638
108904104 100816244
126692336 15941464
70106344 126775476
6495370 10994512
177177874 156447924
80765680 63198342
62003576 40007128
174566992 26812084
143231642 61532382
66438018 78386512
25899100 16524824
124578046 169806810
66699632 65429640
112891386 143220560
128255590 104785330
99293308 191863238
109837150 32310520
15200978 153650540
190987960 78018084
153801818 13697104
13651572 5079956
151419382 153318322
119474138 192983270
154446372 65982460
53824932 117029688
22910212 35043186
165703642 112055322
111140876 14333052
154549076 45023698
193520628 47152728
188535924 26904556
9059716 85684176
26267424 32317880
80004514 93705398
160138980 52953460
72767622 18134470
141908750 83464906
8338232 118404420
178496160 120650046
181062922 93699612
41191978 193216334
102839600 108879888
176763678 153784386
185032950 115769548
103337420 45503324
38584690 96005552
22666272 97347446
89721346 52610974
48804004 193088948
26938920 200172
1689886 164877824
197220602 50347266
188486744 28159198
75473176 117207722
149130638 197701178
190600392 16337236
155548268 163923814
151178564 21279822
174132148 168473802
194585626 118555328
25620204 45761972
124578358 189672058
150613692 89508128
144082276 172476300
40484642 199091548
122637244 173564876
148667968 27353534
162322740 127103288
144091676 192608680
182997468 9345438
185837372 97164934
83431212 10928014
12458536 55505424
176315952 115691744
27496162 92235212
98907556 164460974
133841054 180146886
198048226 39102634
62751714 49248486
126795718 58494278
167283476 36587724
9745514 64944730
116729796 162128988
100809558 131293100
197977592 17802382
33542024 141678798
163287978 123276744
191130112 48675166
99635322 1676298
83181482 20628392
169732528 145183522
108725026 1042538
90622030 40851950
46443878 194013370
146405682 175681566
158703602 39788892
68851844 88197784
1586148 95293792
79522632 191479662
186426568 93372668
175639992 116613948
141661736 134955970
63233176 84063034
174508086 90084100
21649168 81885444
23076468 15541440
190748370 79538870
188348428 137841976
132604358 66738564
49378120 40778374
70621432 153518654
124354642 3862066
126951736 61774868
143783382 21229858
137544916 44060890
117482660 139325326
129824520 115308538
72266822 126042098
197594410 133217446
34916162 97571866
150099436 109892810
43166832 63740506
116379894 24493528
53532682 49941968
75952628 105721270
59483122 10134236
26692626 71797880
152308240 177227162
26332730 119216180
130612190 169453882
1558764 86024024
13257834 162438470
199750484 115394090
79752630 99764036
70580252 47276348
163248022 78528864
101929140 10532994
162383044 166591118
102812282 53043904
39833358 70443224
129596754 88081882
33084130 171704840
149570682 37803912
105933706 131574832
24405746 62972346
79606022 111236360
70518282 4168034
173876032 165941600
13273540 102311930
41243330 125645466
99148864 126369702
117860384 69574762
173224570 138228130
138039870 174149572
28402824 51493518
149257374 37965144
133008676 78535106
104570990 33665232
17722896 51952304
103287146 31533584
12673562 97478056
34929742 11989100
86733216 11266754
52020178 83416426
110725102 47748018
168408756 44778254
94289882 106152370
170342576 139599118
176626042 29005080
173834104 186754560
143032640 5965226
159258544 16556556
150639008 71491056
183138708 57853902
132300668 175140560
41231524 22944396
40705534 38922366
105228480 194281664
107044910 99008686
7161820 182683566
48584426 12455522
81154154 151108332
122001668 170615226
15609862 20553260
5018498 112088452
44279076 109197150
176486372 70737308
37824640 100397600
12623964 83180678
43734640 3838288
160201416 179499500
188809324 188704018
188311852 170568696
145488974 109887926
124397226 196973710
33250188 45311014
39757088 191967040
6034800 57689442
45038906 87999840
41195004 129596630
101788938 27169356
58349392 45007420
95960730 130406376
53832912 143746848
13965158 147538510
4573988 58034470
42694342 3812798
163009170 10628620
167602896 69238822
136273328 7136144
108099284 33407744
4020038 87087276
96875794 49196736
14143826 112938262
80582532 20740442
32075544 103627758
185402288 95026170
49366298 189551642
93846776 174783762
81314324 149101938
195901662 174904624
41218008 172059268
113690624 148495086
75719680 49853054
142673380 195520910
101008216 132987558
26167818 84431958
162733444 184158294
170297838 119083664
37501358 151528478
60970648 155397604
27319914 152494028
175026938 9303234
61617728 194853040
182633550 154965174
37933908 30888226
44907876 154468316
127810716 154249176
74285790 126662026
197241766 78940250
139059858 174077794
158080772 81985088
41585894 177257402
177717354 1928204
78806526 48151390
104614088 129522256
123068640 72609174
96184928 151561926
90353290 55315330
40599380 90330278
40233026 37519240
41991792 24697906
78812384 195708990
173709218 100169460
44091622 177810856
114158704 46885780
166870238 79461536
127544504 101329976
145939420 98985274
199081630 135388712
159509088 86710934
130390234 135672042
96486262 199022638
137039024 2100888
164436406 197969814
128541982 102756878
193106692 64197402
199215076 65995624
73024722 195470840
112586304 164009826
170643762 66904464
8335210 179500194
134842466 6637762
180885488 177301366
96455386 76099668
105822702 90379804
123335178 97029984
1180352 29563418
126142776 109489422
129087278 103567014
161555494 23425050
111454634 72343536
87605444 96982976
150513270 59611624
167467868 114295470
7258378 130084812
46145290 118776376
88048104 7886564
142504476 57890208
9408470 998494
4774462 149993962
88084370 161564598
168413976 82587392
65423330 130502282
135009514 79781088
129706892 114340048
10760210 82420208
46819756 180884520
94008494 184453282
113054438 48576470
10858420 97689202
49116582 183526676
177886250 175664566
97189588 64218316
142865666 88779718
189956576 74867622
66654984 4877918
103142370 108018950
177962662 59063098
59681090 90987884
41931598 106123762
180316512 111714212
107711052 177769780
176395714 50423332
120921502 156472736
68159676 98271778
150030478 135362150
91274854 74626818
174349988 53332978
164175858 111966464
83041072 99287174
10628746 115080278
12520438 169500590
197319810 160035168
104411842 12966068
51001750 151313626
95283406 152055038
139059460 68203918
139013380 33117000
93559368 9642302
155433302 83352356
194776726 182178688
53907692 128545964
14196714 112701858
170813158 81666470
81406998 23966374
58466032 111679296
14790220 167772040
183258780 13623370
136501010 144089652
15048692 22293118
28571352 59317446
90171936 27995914
9153726 57217100
115862804 126694082
81427570 164501308
185064756 194495442
173630670 15143028
139154716 33306178
25440058 52129504
149775014 103334472
187160922 56019400
131973460 9811514
15419258 52697222
65222834 135257850
20616224 118819734
127879286 191648610
56469492 142301206
52956014 176737522
140610602 24539764
165671346 23074244
160038996 58458320
69235428 127190694
84782086 81143504
61051502 4253246
8003764 150300656
84361396 46992554
64105770 153240734
60454072 161888742
132960654 76478172
98084294 76362846
53343706 114793690
128540266 196320872
8887252 64410262
157992006 189898278
62617972 53265986
123583192 3140086
146215132 181265084
108981994 167627172
154581544 132749450
20340326 113741958
92939594 149388820
58892898 183890684
62088588 101084366
177772406 23179232
122779194 76423712
16156748 148692290
118492592 186656976
103241186 120052494
26721564 199437706
67262970 93928348
196589650 82926030
63277918 19747652
45600200 173748140
194277318 15822466
141931226 64269806
67176878 428708
169097536 30857416
8220284 146881560
144991596 46879812
12629506 189981560
165882296 165107174
131058550 53413530
193719426 195476552
15255916 107457160
182507282 131965744
105120444 4629470
72673424 151140162
12427870 81574924
45231252 162648246
132594498 70482088
92645630 64495344
37231760 150926314
44214066 104608106
76220496 26202274
7149700 136665588
129871650 139999918
53452926 59636660
196142550 48166020
181346214 118194362
75177564 133216354
158499394 169821126
174222832 2003334
49057878 71078068
138720388 91735584
82247100 40498856
21670326 173381348
92717802 95045372
65790876 42804466
160220244 2889682
130899756 172750658
163907562 81968406
37839888 81278244
116582664 72590144
93047544 28650364
28301606 64212428
155951658 150963650
151168148 22043064
182143644 79328104
118638294 75018838
104480126 135895422
26440320 50846104
74883360 15360068
198096878 25879072
126687812 134918492
165042820 154179438
199799624 86682450
128332826 161035014
130427204 829878
21758308 78817034
142316468 188866434
28357778 159937430
51190614 9288928
71874958 150367962
127514388 185792038
157086148 74178094
66380264 170153930
88880566 142330630
132657460 130581730
163146124 159620366
17254518 92081806
53456476 85064270
69607988 39512578
31083382 54631812
89733232 26156488
15000990 62928308
161732860 128059550
127542730 167959574
60222612 166929194
188900394 90260032
44612172 48554880
81974082 150508690
148630084 85548936
116910290 100409130
119774284 112459236
126598646 170402166
148226454 150612862
107665168 168313900
15423566 56339706
199812944 151305892
166359342 45171424
130538460 105616154
179050588 147999362
111224584 160222594
145461170 101833204
93734720 118237146
90447198 7420452
179248802 158209308
75428798 166584062
88211180 44820992
95965044 56268716
20570948 12218338
139118502 2348268
82119570 11061590
8885474 95854908
155725790 40216478
129568794 179154694
1518910 147168616
35884678 80962552
92071468 7491748
125157764 58589444
32183840 69609210
45904044 152502742
139887744 124542714
105095230 179863168
172872726 198383588
119541130 49954232
113297694 21261868
158664598 6051212
168212680 39008384
130962498 101889432
78647420 65914524
143603934 170992656
18331846 193037046
80219868 75504778
164164438 52162486
119804256 153760656
193111166 156024542
18303002 11730584
81961454 81280468
177968234 196584948
49400894 30556368
168663578 25410508
108117640 148702622
90913400 7846010
56989282 164379818
1464354 126669084
42848538 79538140
173506464 34196206
134058428 89691632
63608650 101602784
31493388 139757372
145183334 101694670
137605580 107841000
126367014 93048254
163198886 164871336
122864470 4214032
124400016 71676924
29138152 81214896
191769928 35373730
118616984 20504398
186429398 118372924
182461996 133987998
44524122 74487222
121426734 167926308
183218070 188997618
102715758 198760230
133110906 143240060
20859276 47278770
181487456 29772320
26799016 5891204
98218330 152683802
69359416 9455530
67518928 136055546
99869376 93543124
21834328 123962500
47783544 186971628
106162164 11234028
117396024 24248350
196200486 93246520
87069002 92407154
188090960 24460166
147672372 3998298
112631386 143161610
120301534 56882996
15145760 137122430
103682038 149251992
98283770 60136394
62929974 124026130
15148086 3736758
19295548 180537582
43074884 70952454
64839990 13622876
73000286 79876212
42367104 193197642
18133206 43915658
17556858 194686450
53840938 131706328
29576878 126974898
132681372 34959280
44425328 154084852
147735390 20199232
80536884 24899182
133871148 116983906
79144570 197181556
65160254 115341282
52095250 119301936
149140876 183088574
122791722 53598288
94814696 199559708
5332642 25233610
159715096 93579876
64821182 148950618
80891716 192782892
188078296 168477008
87880678 134704752
133543538 192891912
62275514 177284084
41915588 103304350
125599342 63154948
126500636 24020524
20669298 164317586
93472220 61866206
94304502 41210614
162600614 136172406
98772150 194169224
160550894 51903346
195223848 132468030
178732040 154388364
113149828 60426972
188308022 90417480
145616456 186100426
87674316 65429364
68990384 51878354
19426510 20758910
76714708 149286988
110809752 196277502
60024920 85519612
40607676 185958082
92944436 82950874
70770766 74593360
61000554 199083964
54947442 139612350
199920276 77485912
15753058 195937254
140814864 82087780
43179598 67155594
106471844 93816660
123881504 15429198
112145030 177997424
9276088 127902744
27812252 91744944
186271346 144077870
177061168 169137228
185815942 16461518
154755466 109063942
61544258 50945334
83315410 95667638
94994996 191119880
24356754 12331438
107894904 108990316
118055860 128816436
103739044 35788680
114642688 106100682
170423946 97108778
6181794 38446394
30887350 78682922
185684312 173191770
192624274 189891794
27363664 71529626
135089818 109723664
117771416 29121250
78751914 34078692
6181014 169414914
198853036 127789742
33680780 100520836
120161374 128298918
48334102 90437528
114523706 139126224
49884998 145655128
65152662 29707246
158095062 13966710
63848698 108800732
42254338 117333316
128655764 160933800
91692026 74888670
184135818 154637612
199260344 16654794
35377820 13479142
6952250 114563094
54873482 141261948
155724240 125062042
150378850 16268862
162263346 77076588
70204512 81915310
167457604 129813278
194665146 82814356
158464260 195080996
160062270 157856172
81417962 21977918
105564602 73843452
198204652 155361302
148616922 23359410
158556390 80129046
30467512 185780504
160053140 196884572
74413944 113240912
53179484 13165394
109893600 24960264
150419278 108951786
186455174 62973496
78334948 21811252
7102396 130797750
99421818 83139194
61900746 28605376
191016250 132244038
76397798 145129126
45575604 32505522
140422698 112655862
143431686 35992352
164092240 82772134
41897838 178455512
143090234 60052388
140647870 112624886
199741006 9940024
9222364 146399640
127284940 191036990
42795706 128783302
108672022 52306908
130380852 189680562
82628780 56941888
186571904 19555870
118172748 2913194
57923414 105067426
148809836 195578640
198072526 178079210
86978998 148003338
79719226 112928618
74722332 162703832
114433880 115576334
102721610 62215096
36462388 198545462
70356228 51947158
166215558 113702936
160800096 199963464
65300448 154454818
81826670 197605078
118173982 106080264
55912096 36678642
114290384 63183210
196517608 92358288
177472898 27270414
141618710 110511860
162040236 25324562
172252836 136582518
121691438 29794062
51668984 114330978
29143522 19815042
114810086 21625478
149321384 190996750
137967424 76988262
109706460 132804898
95555212 178563224
27868056 185029736
56285362 144181580
106102572 180811898
32441492 41585466
31790490 38175650
67896136 191895578
53605068 30906886
82406700 88610910
39158464 21120426
165489516 185679128
92053230 27235234
84841292 14048738
50673576 97864130
61552902 102345128
52680822 7281920
28483258 64128568
174911542 164572868
173445052 92096988
115563988 116616376
163140770 163519052
6593988 142674156
8313614 10658994
101042390 130097232
94459196 128284264
137239932 13427454
93404290 118930472
192233660 118313854
28131176 65431244
12192212 22594530
160575538 115037892
30873620 174878802
128233246 176690166
65600980 88437362
155136724 73512592
70661602 173530008
19727568 74736238
173211468 47285062
109232198 6817700
117647016 137178266
96318472 28429720
152471822 122577302
198079806 133265964
24667584 93212478
6398836 146590224
178476738 64767972
48919414 115872362
107726794 12455656
116797562 107594416
178207978 114906112
184056688 50951118
148556744 82903382
133769970 71273908
10110718 134473924
61949020 174145824
131841350 9902552
193155650 17605472
119365210 15739702
69398292 34947804
164273696 184422168
10952502 106497764
127775154 107190992
166251612 59662870
79107238 141980106
190492064 170637170
52057802 151044462
1575328 148181402
102616792 163543048
123628644 112659542
134487518 77818870
159902394 137006716
193931892 19286920
69366946 49121370
86310148 48834318
12523388 180044606
52758022 177693578
155364410 149773194
86406064 17613422
146363562 152783990
116945834 184560902
133581792 172241118
164925128 26963428
101430058 12179494
65075638 31653316
107202724 93989422
35363496 13260892
44389060 146961704
40505416 103143904
85524600 149078920
21127054 71364834
142702432 78995580
34064388 13285450
179508346 176562282
108173222 123843346
195990866 16866088
15773096 180311902
37296006 177062210
63261714 182364708
103637756 125375854
154399462 100250996
168251210 38586072
85141460 108224654
165927692 100379814
94489524 124322514
30687144 20023298
25653806 77157340
53773558 56654672
165911072 56288694
66669594 98347350
96959892 79596924
78998356 114657804
48106312 81500728
161176624 49621500
91629584 2995760
16499498 40596020
73480316 643076
184241300 196702588
62780004 199371198
126884234 10277502
47006750 65127502
120582400 67459708
64995384 78314816
101096600 176804992
189362326 119561840
134664176 109376160
58414436 162183636
37617822 168758028
168394344 158017800
45413924 140602394
189641042 135022562
157467016 42053018
69420172 124570650
82471364 127595072
39579100 199594748
142526330 117983822
78925972 44990176
39253674 42466456
89502196 66476472
46279926 86194946
154505166 166336442
162004618 190849908
47497756 100829174
90463312 143029246
50989752 45827028
75993782 63064086
166920994 98649348
67787528 55006580
168940574 190273482
68663146 153922296
128511674 195545092
199587528 15852692
37853786 192390028
9513940 22694872
158632766 49968076
71503630 199208566
12259756 33725806
80533482 6613880
124011236 90764406
166315906 132627330
41568464 185829584
156897156 74965946
106523582 1948388
185969378 126203302
173231768 25085890
119065476 73569566
50092910 115855994
61537640 184068602
124447056 52065742
4221474 89845942
16667138 165760638
180114126 149369740
75507938 189208828
177212502 170705784
168298956 107175002
158012690 163847160
86387832 178084530
100359144 6799786
25527862 11448518
43404176 183862600
181632098 1558024
121841534 5742222
127327354 13791436
151295224 172123990
126830504 169606366
83114908 80143714
46632892 88159752
176240384 109943866
151813870 130241648
151966244 4373888
93247384 100595406
80685490 69315736
43824390 102485660
71772796 92994172
46264374 189914638
30345330 21169330
173264982 48701846
116545946 108431080
11780872 86757350
162626028 144669170
93481122 161981746
63242720 116339530
125399702 173263346
60650608 5396798
32584786 56356784
149812972 189891778
61071826 16280142
26185106 32784842
47435196 172169192
110343598 87158818
15674756 33013798
190645174 1695420
79677260 49804868
147182162 159109618
73483336 82789200
105162344 75911088
55894452 57194096
47376192 93467852
191003876 197294254
88419864 762658
40437582 43220422
9975334 2650318
23677074 33696626
92674372 78282250
94879702 75289050
5372832 9675808
79024776 177834662
99911912 24633996
148097044 151185204
130911140 138573608
196802566 100357994
172887034 73982666
169242034 103477632
76505606 130326586
30446122 32920538
73839268 151145002
181215506 131925046
181448328 81983146
44059338 79748082
5006770 192998970
23016724 49150806
198003074 182746204
134118326 162301176
150142398 64519112
87700512 80186466
177979388 167755858
187746006 24691688
106475642 152166748
110103292 96882774
152043848 91413258
36938530 148573628
190840942 150384514
164898344 29256952
147458766 55261888
189392452 110437756
92417238 139438446
154337056 138385628
104055956 147618230
182116002 197965942
35452254 33493106
31543106 61462640
173783514 91998234
149879956 54817202
38452240 11463046
195215062 110864316
126846608 105893600
152473740 60760642
8314534 88466678
46526484 65228022
16189304 197096188
89385864 5474270
139956864 103675890
38773176 93509264
158677034 134070788
119117900 57428728
163594246 3410248
178856162 153247766
93566744 135288812
97782476 123939552
3294720 47027892
58601492 154154490
197331318 162540046
124715546 87359858
32356800 99020126
101629300 63206772
90011688 85738616
120316506 13894618
7472784 120037476
99817162 99187610
132136394 127098768
54002896 160904608
40510324 102815382
61221064 131346624
75593372 6262210
20500988 188290272
133228528 28685878
3708488 23005212
118591904 86664718
127079318 42118936
195492740 121649014
161790430 93265922
101510390 36854354
7398718 13871698
135042530 100381954
71903832 63771260
149804558 154626374
131127154 19745860
174501704 167870766
65651456 104802196
81129362 85088356
66943086 125450540
125008540 41058804
130335250 118404480
139910674 129575016
69238692 163517492
137506414 61731210
184328168 189704164
13145994 8170078
22687790 58276490
182787314 98581022
60798424 34238776
25699728 114208962
89984302 50345034
34570020 96821682
136290796 8159688
25797344 154431316
34975872 123722210
62120892 22452894
143132138 82389618
36575540 128545842
137830984 46852970
55914516 67206902
7908546 8943320
142279016 179117060
92255718 139163234
33127556 123169368
134379750 97778326
117007554 134792438
36544418 97671836
46783672 198965080
68355872 53281626
178481650 53639288
161458040 143149344
16036992 4502214
173277520 79196882
38461950 106582400
128437820 5686044
111457828 96563786
102879796 126543688
113535384 100998544
178287090 134242662
45358292 130950548
94470054 112332304
151518926 91277786
179590080 153101962
21545282 134654338
18764002 183517718
7053988 86982144
147681826 97570766
121695664 82525364
75111950 165260656
84439778 148069566
68862232 36763874
63442470 130608920
100130358 78193668
33061096 130430292
75994576 75231014
91189778 95757500
198444474 138459364
131781012 131766106
16783488 64828714
36400818 5634352
66839836 184926288
96472868 146057802
24077370 3546044
190049998 29281744
50714774 78458884
28084710 57505060
157385848 77304022
53265268 186902584
10427916 5471136
43327068 147755710
140740546 20417974
92820644 136758398
84793676 39340364
195830926 77929126
193066292 154363988
148053480 24715836
21598728 20690710
101898242 62672760
44329578 23631892
59217280 169188020
184702258 59756854
165582056 193329712
177883242 93411970
93094452 1223504
72217444 78104474
16932132 29308792
25897882 174907082
133627696 8998920
172654012 164356150
173492014 97976672
166276606 20647362
160847596 150990874
19001746 58882030
158762814 14955780
165111498 121326898
35267400 193578416
162476588 31754114
183130748 111861964
31871796 137544620
163176224 141917566
71262964 165373890
155558038 101954486
20235644 16032084
86810078 28101830
182224774 119623014
38681674 19060514
119569858 8950238
172304532 198258586
77791680 71582100
68080496 96860760
191856228 106600608
97362292 99587118
62463922 93986220
19534358 11558684
125838076 164587890
111686776 101135968
18359640 88756942
14793310 139170754
122525572 106410152
38406614 21354640
55606832 89430900
135601262 157678620
96467520 119861710
9171958 74869312
130594964 168300466
180202902 134858132
62513976 121775500
25822084 197703860
72870142 82616546
124555064 45502852
121545978 18279194
198474214 154737460
169464664 24711496
107712466 118605934
112000900 170276006
112685930 76008384
120017470 80442388
101642826 89254944
161460420 148655432
9426524 161087162
168519412 149558716
14266248 98212388
121702688 104424286
7104646 133780034
143436480 122947686
148263516 22901108
56779916 77968858
135860868 193076466
86036772 48948210
191233898 109644032
54237368 36574464
22377634 181338088
1884332 54246230
21536298 65317594
82093624 80381356
1511918 144392200
44557004 102661394
40462508 118208688
76805504 177188926
16547938 115601928
40638582 148751358
68633186 141937018
121581228 61477394
13682380 112721820
76001982 22752564
190584532 10748770
53575720 70197520
113167052 29934608
131909946 60891786
8602200 199738020
197669174 95390012
66715482 135987008
130201942 97653776
193742494 184653092
70578124 188641852
105402204 53527762
177318836 22769754
117649136 131373822
50681312 35616692
189358132 146075360
185748250 10990396
27944166 64641982
15935848 163927208
127042086 181282340
30694132 51894090
137476790 193964656
1124974 27808616
146709478 150828824
147826864 178443066
191880310 188202210
148608088 100815528
1396770 188889862
56937108 96467636
13646434 142287022
166270138 100120512
196839924 1024992
80362284 14454020
183340336 7999822
167359238 43904894
81914852 13910968
198143770 103810860
50497552 154846198
131139384 184629222
83510066 160602872
64285596 196435982
181119294 19736640
12460836 146953810
76679434 155223234
170869018 126765424
159712178 81129262
32999712 162158072
63699122 187020844
8125478 8771848
5777240 30853922
188257508 144774020
7861470 196946968
11945836 117363342
28549020 161437066
50337906 31297412
22744978 188464290
143519162 149909236
145521854 143289482
109356980 165242816
187396796 34250234
108203604 121548868
168444136 40301278
185592066 115439044
6466296 24505748
133348484 45215562
152563118 78946528
176342050 82245040
147219426 8371822
8787150 74306812
127851106 3983370
77090646 37973678
156983458 92129694
186862914 179968116
42216500 119634816
37604224 100208562
47015350 4402454
64856950 50323820
167076860 155593988
27033526 120593628
151541530 170243860
144547822 62414066
89088046 60921414
39337656 191214536
78181058 190049556
141632814 42533398
28122372 2977300
11909918 190636842
86934856 51855042
182189906 106859652
59387746 46738162
100245096 132921742
52437606 21165092
21234114 41291880
10415366 15980768
196077386 68491250
1748260 57077148
197367920 170795562
189347470 189328722
42758796 87907282
155916832 68886746
59586362 61546962
84267848 89748576
186250978 442874
88871536 138439448
189054026 179805492
98990312 41476354
165857296 46973812
80805696 133782164
150619458 5792052
37985504 5553324
100913374 39159186
130610754 153249868
149379014 18384996
170309852 117699228
84500884 78075186
129114320 167100874
19632706 36320496
139227902 176774114
108571482 187593636
165469032 90476652
154268262 112794950
148840242 149071678
83627424 45749746
156425886 166159612
173862924 172635768
150550632 154016422
9454496 43883636
192497640 39493724
102466124 118213732
52419032 69935944
86977838 147518666
114682408 168975706
199026636 71517802
65649448 104670456
36088274 20005934
66659750 178760722
112675454 13498020
89751000 193399128
12440698 23529084
110083336 41220334
143745568 17123648
170153960 9688504
182760448 91006542
185673230 4557202
169251344 169912204
155722362 125735130
33929192 191961678
