222222222
902053290
868633333
605750000
855641224
845281776
611111111
519691111
333333333
535897208
777777777
149911111
414111111
800845144
124991111
994452598
943507580
289996565
442109516
208899883
333333333
565893444
406612550
560408000
408554377
280745174
911216451
373748733
919111111
499967049
881968791
676399636
307584778
777777777
926000952
312561524
957478444
557855658
317763065
304895158
199111111
700700000
959555555
730875674
824140122
696856615
131088458
772559061
534875194
888888888
520185364
162150635
999999999
363783333
151111111
108655859
666666666
598887555
146935354
696666666
514643570
261611111
630600000
718771111
190359738
437798960
444931599
250107819
341146891
710250549
747336152
287671738
123055254
581511111
844444444
514377111
511111111
502222852
282222222
363633333
228822222
365151244
790808963
667666666
855009242
460860000
218354190
265035983
444444444
979950115
326694415
286655980
833308858
790094662
506595066
137672712
405323420
872473182
362688907
946444444
222222222
552964090
888888888
939211892
682384111
938691419
239020000
131111111
394878114
888888888
918661966
414828793
701700000
909000000
385731410
917147111
583901064
550694351
878147111
256224472
922611595
565555555
319881111
312498143
261711717
943734783
856844948
830730000
777777777
669386333
648587876
246991992
666666666
295370927
217117066
714541111
618592609
787565400
544214159
222222222
159020900
195090000
888888888
369031472
162108885
979733733
367955952
125222503
565447189
381644194
722222222
719572633
213722855
846558804
757700657
999999999
499137411
862622222
488125091
102327152
366340996
222222222
968333333
205489944
488444444
219911111
100110000
513004316
737333333
341132969
883866562
902369425
919111111
377333333
929218097
809138000
214445893
464444444
218305880
903674155
261060000
898888888
616505411
887480614
472620411
939333333
983176840
974703586
997873036
872176217
304467294
222903885
413065630
689350286
182677419
307563000
635666442
251849040
853333333
162699902
888888888
218441181
559835284
866666666
222222222
518757111
929222222
870316613
477064154
476581707
660522200
486032944
920900000
999999999
943021814
607041220
291111111
737321778
999999999
607963870
884408400
746414741
721471111
210100111
302555000
252822668
855855555
546329458
855555555
584751775
191955111
127070000
663831786
667840964
999999999
417331876
933842229
867989634
505000000
844424857
441988111
686111761
957705290
887082422
806655000
897977777
656740530
319000904
151041727
388333333
507500000
687584986
855555555
343333333
979050180
262630017
888888888
158511162
666666666
222222222
542595442
891409716
622222222
332922222
795555555
163909961
660633000
515538207
283442222
146878717
584566929
383078552
584847520
376333333
357500000
849755309
632303807
444444444
738333333
606000000
288222222
121433841
417184221
888888888
498808000
855246742
393350244
371849141
888888888
117284221
698666666
978797848
614411111
821288567
955057700
833626222
862015076
408030042
651725111
722222222
636088468
959917844
406486205
684934381
444444444
697598991
778827769
442309000
999999999
653529015
800780085
424131720
941641411
263549392
160805177
240232000
930660000
457711111
478334251
771760887
451012243
830110626
366929222
244222222
252222222
333333333
926699844
590844325
542171485
777777777
866666666
892879552
527222242
909000000
561970242
247700000
137574406
957555555
587555555
850705000
794305670
396988185
324721141
999999999
343916191
125233230
666666666
151480404
109008947
693192292
529850608
333333333
627114190
939333333
178447390
643164468
606064982
225525762
867111111
202959592
102277014
777777777
405060373
229077569
191921111
137277309
766666666
484720234
458944444
547527642
370722584
318518011
102200000
743595782
777777777
444444444
410096992
100586175
333333333
188111111
411520301
705276671
551851454
686858910
950500000
828222222
736593333
668007351
177111111
125111111
207464202
233937876
815723651
343092384
622505584
705064028
738274800
837324822
999999999
961519771
508907329
560058119
440400000
511804022
999999999
161187060
464762668
411342815
195511111
808933000
666666666
938064771
346136245
210518448
942191111
209994819
844181083
174773411
479726464
980498504
225222222
921750258
914533911
489140103
145869962
761376703
191669578
333333333
627206000
529970696
388333333
354663333
203415829
783922119
721851111
272222222
998922385
756404912
652982681
166747683
620859134
666666666
288222222
581893330
475329653
514235273
574179487
747251141
131511111
994010277
575105000
921308800
777777777
821687706
983624611
693510405
560673783
333333333
289972735
422222222
610757605
444444444
333333333
536679143
516996364
851460374
440500424
702579500
399554299
928622222
565555555
494444444
929222222
385433333
235993607
798575555
770260760
368765648
438311010
907280931
248616111
222111111
546133531
222222222
303000000
851640711
136389920
969666666
674971211
777777777
222269662
797777777
670283979
263112377
388943378
555935778
294922222
981459889
652111111
999999999
395222222
691955529
943142073
866331281
399333333
268058573
207770000
616111111
702000000
341390554
153300000
832672897
643088946
711175511
570138130
930337492
203420824
584712098
153111111
822272642
266635655
980918187
238970897
219328881
757555555
104400000
525661981
509433347
355151111
871141209
218417757
777777777
671731703
787341676
138362765
666666666
297017000
888888888
202528839
454444444
113111111
339191111
999999999
367101000
816496958
965161036
291882023
154999340
390737266
235500000
796885995
272248972
633365843
633633333
282580633
911991111
890018000
966790353
777777777
541665166
888888888
315511111
476736743
327726334
101915193
533998333
404606558
411111111
576887708
285652338
125338360
875531992
744291762
802380340
284822222
241111111
115711111
607840864
131111111
444444444
192297048
906786600
297844298
633333333
801755516
277222222
793022853
222722222
819518111
555133388
161111111
243874414
222222222
999999999
985495444
165511111
260049656
693356077
168958811
701700000
333333333
739018399
706860000
388483333
530131358
309273148
544444444
444444444
868338848
608131600
327599222
111391743
951145705
132769576
535000000
426699607
308861652
335540230
272000000
771648102
999999999
987498733
925077274
222222222
578168975
276388632
142161111
200986086
594784527
649583181
722857905
358333333
747444444
555555555
677733333
383359433
748322239
614441639
494747226
435473877
108173015
344333333
217111111
808815463
590011811
205317205
650585044
209747740
478918344
371201573
949460657
273697922
631238066
873323533
626222222
896840044
449953433
687130359
894040000
363853715
231227358
517208544
272468844
555555555
348114881
746476734
865974664
555555555
904216900
819245759
737353495
208200928
503842644
574034515
999999999
462222222
593348388
693115973
792762050
555555555
666666666
456375834
689818111
237783722
823822222
810797202
696312151
333333333
222222222
679599555
646994444
917911111
674166796
216079199
511307547
535769614
963211111
394194798
551425551
145846330
559050000
642222222
899046087
595555555
801396144
119945674
555555555
620322229
867633107
333333333
904400000
397063000
551950035
311111111
817661712
217547727
884924778
910390000
577666545
634828692
696352689
954455572
222222222
361353111
888888888
520318261
172157030
866666666
331111111
773838136
708027000
759997000
139209900
565811111
975225278
530456133
326511111
230097238
342762655
362331173
222919719
809092827
242222222
888888888
103440000
894444444
913207132
796429480
211682184
999999999
753475573
562124296
125975889
999999999
898888888
330987286
406860468
444444444
967604674
191911111
387651253
221239790
444444444
179360819
884484444
542222222
964644444
245350924
563433011
365710973
494733317
511504785
588700750
846188946
587185038
333333333
588029800
927872222
246020400
697119952
952240394
662267406
746110660
102790190
222222222
220063502
963384509
544444444
944207649
766666666
847282244
856306602
341992250
464087202
878358266
220751372
599971372
279040504
422978156
261146111
818903698
990880000
947533333
463647333
218111111
666666666
211111111
651393132
710813394
919977910
598795555
697309576
758755555
604874886
220000000
628665134
633826063
404928798
906421661
427424316
237300756
546847754
300589143
333634972
308663268
187971111
408676653
100713255
818111111
905492652
888888888
773733333
228549447
270525871
278522101
860912506
307493000
525235222
129833881
533193573
600655016
122477111
111195533
353513077
933493333
222222222
933020800
309583000
667275042
655510101
520437165
790138300
456937333
709634065
587100513
978506657
408027527
260325406
688666666
954838333
403430000
111691122
340734000
585555555
966666666
141111111
666666666
625289452
919111111
358132904
921911111
889444444
918869125
252222222
997222840
194150900
558985555
733333333
711111111
419649291
333333333
736856423
563992912
555555555
211111111
646444444
130169023
729940737
702692327
550918565
887337247
462967176
627952010
964444444
555555555
222222222
954663433
573049000
666666666
951511111
395997444
283173369
321852310
723397222
409640761
263222222
959590595
339418811
100220000
706210860
509459072
537435061
484088805
657685525
439034662
484089329
922048684
734222222
990330000
924880806
860041016
301909000
141784341
212761111
134244017
776116611
628172833
465816436
318889251
439099000
912484111
637811111
909000000
856356303
762915536
571790262
255898222
815783511
866282578
684060026
460467038
537311716
333727291
732709620
777205000
924929139
187034454
378347830
552298772
581787464
484444444
391337379
483862186
743849373
930947630
838595911
716661973
416080460
500679065
437433333
107338402
507079093
153550000
585175111
444146665
705142970
120738742
970473963
769271951
490426235
205427071
366363333
787399829
888888888
850065000
671611111
120319900
970921044
727222222
213310000
366778905
212441111
315090023
884636393
757619918
902482679
408462208
116869778
141411111
777777777
615616551
860801066
252222222
137933711
333333333
555555555
605660000
973374279
117028135
861938517
971711111
444407551
977777777
459444444
433046390
946589814
275111111
383909511
639405599
190219547
452273222
883833333
323558098
940006814
222222222
279922222
114749956
387873333
836271111
789086652
888888888
681740921
576653126
222222222
594444444
444444444
378347412
205322694
839433333
422479339
555555555
846399918
190811695
632733669
111111111
334333333
318302162
356808000
792636793
997777777
569844437
592025000
462494826
113518938
904741795
716637648
444444444
111111111
484955553
606381202
151111111
299523103
413094019
602988593
342429026
399994743
595555555
190252211
847606870
988888888
555555555
655555555
982982222
444444444
860600000
172752939
697915924
519915111
236292622
777777777
993393121
999999999
318844733
664304521
676416711
829958140
759571532
407205790
291501592
404452220
319653355
549373333
939637090
160742706
240007000
600683889
788251936
472129991
220334320
333333333
395993333
616647791
627122474
888888888
178406170
919911111
613100000
176666111
158356811
999999999
335087000
550000000
332321221
172427507
592543963
193850723
533333333
943965089
695839733
935725818
464492550
771779019
244488247
383141747
240549104
406143121
923191111
605042114
283256302
106600000
424781823
764638363
259169974
914420657
787713711
161886502
385201857
985954444
761860000
954101539
862722222
674116611
383333333
282883077
782342222
996904954
550000000
253941880
763166111
762110003
477456770
332222222
859555555
983529856
269867234
782231488
902844400
407400000
363333333
315190855
888888888
261602684
898888888
626316611
955555555
444444444
521111111
699666666
307925159
876966666
289090080
638333333
967201879
331500121
408959400
177012594
252422222
662668522
295209664
284760752
288222222
458463014
474444444
255996522
938833333
445038800
178873629
533638960
883148774
346895333
354133111
303175337
898091036
447444444
417301700
939341270
446988444
663885275
961874567
374037184
463167283
666666666
863068749
605150000
313111111
357313110
826498976
364454633
736633333
347572233
333333333
503839989
296868451
972625459
755313011
292600490
371711111
474444444
656415759
140100075
953838833
802434049
345151111
784361411
550797392
917743379
540400000
109789266
116484111
279443222
998585555
194291111
517111111
571783042
649330846
575661951
127831638
184299494
116611111
696666666
989506500
686718831
555555555
666496255
485740643
464444444
250091188
343083000
755884726
123057700
514626410
892018180
635092722
353333333
917678999
366333333
732650920
333333333
375338636
909000000
555555555
436218654
222222222
844444444
159927911
777777777
292386818
977777777
118801376
809440310
784450099
262222222
429427002
540669480
738543379
279660602
613615646
378287837
855168002
777777777
556494289
725222222
575255222
432622387
326662682
855555555
616111111
294503335
666666666
481554111
333333333
222882222
633333333
512116424
762643217
217036167
555555555
777777777
723191425
222222222
374225796
869279114
777777777
636682517
362222222
211000000
322000000
532395993
633333333
990496733
162777517
751111111
821070649
863776553
277436716
542422222
222222222
915117153
222222222
999999999
331230225
777777777
484444444
870700000
539333333
297731519
727222222
892822222
846802464
461611111
836593819
465468444
223327171
222222222
404739880
789963333
716386111
608582400
555555555
937249774
585555555
125592165
570531875
852492222
370351700
756464444
578095579
538333333
509500000
579755555
296622222
193106610
637616391
747063036
263822222
376776333
156925111
211396078
359447145
254922222
871169666
792276323
898828222
569054701
912144111
877777777
834808803
614359937
902782090
322222222
531544148
298917070
968223710
318354298
970306913
752241181
397424868
723848355
188491821
247916038
109059099
362760000
153111111
682239588
440000000
433603241
777777777
903927029
548251824
592148787
882196780
386333333
498697484
863959344
358012551
277000000
967103075
418154393
596617735
823526990
252285379
786621111
444222222
943039000
325490328
373333333
452322162
304300000
366333333
294504464
399333333
865549684
226176329
472371100
999365666
666666666
536333333
139911111
681610755
688467353
888888888
589505273
928646037
944135544
321743798
303947691
371546641
260381600
636444661
360760000
228970703
122674703
246708320
781236228
736666755
633633333
200886902
909000000
488290487
904427396
444444444
956103185
727222222
651111111
408383323
398999547
949546469
152353604
907714599
977777777
371711111
519311111
348537174
567625235
151303697
836333333
973222222
574092795
621272837
279770997
853333333
333333333
767995790
732982603
444444444
222222222
635735737
895855555
843833333
124541111
826622222
372258504
697306379
278368222
833333333
522312935
458794244
362222222
734397768
916344815
990084194
381528883
863212776
333333333
704560192
883199146
696666666
615596989
575353333
797246362
735238758
502247816
960497807
895468031
793887833
992882222
626111111
318832515
348763643
619053964
836754267
186937380
411226980
536792619
283822222
896008157
901098997
983997153
909000000
342430408
299684962
444444444
701133195
734964863
587555555
541411111
363333333
787777777
862365442
601689255
858208640
368251346
222222222
610021014
333833333
735561860
755555555
733333333
691684052
126496901
213002000
760815650
219695911
679426191
818759511
832517111
550031788
444444444
372926024
240377404
393597836
513350192
888888888
444444444
409029063
555555555
299044402
307847157
299551395
208593218
183387734
879777777
347433256
546444444
464766494
811111111
447611111
966607096
997869611
163949311
953924707
276456610
486242222
305359500
186955281
766172239
518496853
199131839
456711111
547411111
848454444
698043093
557180796
266202813
788745444
404784000
770037000
577562600
972191074
188281111
211111111
278057000
222222222
982082858
866666666
775964563
837881604
888888888
125417177
151327282
849577010
153239502
435648334
555555555
333333333
143770899
713171111
