99 664793632
90 389548438 1
46 89275495 -1
209 43483805 -1
163 307497775 -1
47 137203880 -1
673 328789264 -1
468 402077701 1
891 334718925 1
262 11682195 1
676 149011279 1
667 358393526 1
823 1885371 1
650 412858403 -1
692 515004978 -1
36 221675969 1
846 73373434 1
971 529327572 1
59 462860867 1
183 127218924 -1
139 221253222 1
328 628298152 1
63 496243330 1
469 93913855 -1
890 201520499 1
886 624767907 1
342 212623891 1
315 653787556 1
311 495808648 -1
343 430763707 1
309 655845767 -1
829 591564787 -1
850 513533265 -1
535 373483223 -1
795 123843874 -1
16 218509560 -1
753 382494869 -1
296 267799449 -1
389 346621324 -1
58 339770212 -1
105 291218541 1
601 489479920 -1
160 488823726 -1
999 139415720 -1
610 598212094 1
105 564187947 -1
403 310492205 -1
909 145833311 -1
571 20032917 -1
294 604230198 -1
440 381532829 -1
857 203987546 1
528 62890322 -1
730 160954828 -1
365 295218770 -1
287 340588993 1
329 355175927 1
933 582276690 -1
488 220779975 1
812 383363343 -1
558 579599429 -1
343 17333153 -1
998 270721464 -1
696 52469862 -1
876 78566457 1
915 149188300 -1
261 417775124 -1
996 477339045 1
481 372487842 1
615 580853195 -1
974 584729490 1
285 274114400 1
71 313877239 -1
485 179608006 -1
643 474803346 -1
664 187068286 1
694 54659853 1
526 528321054 -1
71 648931744 -1
345 51259851 -1
713 556508612 -1
297 448008911 -1
540 317002365 -1
474 191771670 -1
32 150184986 -1
28 403270054 -1
804 536029927 1
776 428181118 1
905 586305500 -1
974 523602551 1
177 385736869 1
152 393837926 1
546 384291249 -1
899 449729774 -1
650 231566689 -1
605 360979108 1
618 74482263 -1
284 460022720 1
576 422345693 1
161 526823540 1
