67 104
46 5
27 19
55 50
2 13
39 5
33 4
62 19
67 5
37 57
65 4
18 14
13 10
25 9
13 20
4 61
64 47
25 35
40 11
50 36
34 10
5 22
7 29
61 31
2 4
44 38
2 58
59 23
40 31
39 66
36 22
29 15
57 18
38 8
67 41
51 57
67 9
12 1
66 27
51 40
55 61
28 66
22 30
5 15
48 53
26 31
28 21
59 5
49 41
45 39
5 22
55 32
45 8
67 32
54 19
23 15
41 42
24 10
1 26
66 27
1 56
55 3
63 53
30 18
17 43
7 8
10 14
13 47
24 34
12 35
67 32
53 66
32 33
29 19
2 39
65 63
15 43
12 25
59 36
59 47
7 42
6 59
51 8
47 30
8 27
22 31
52 66
2 5
35 50
23 16
41 48
47 27
44 39
60 14
40 47
8 17
44 26
49 11
45 27
52 66
25 3
53 17
18 17
60 28
44 11
65
63
51
37
57
2
58
49
55
6
12
25
3
35
67
32
9
33
1
56
50
4
62
40
44
11
61
38
46
41
7
42
45
39
59
36
24
60
28
5
64
21
22
26
31
23
16
29
48
34
13
20
10
47
30
18
14
52
15
8
53
17
43
54
66
27
19
