200
-10000 -10000
-10000 -9999
-10000 -9998
-10000 -9997
-10000 -9996
-10000 -9995
-10000 -9994
-10000 -9993
-10000 -9992
-10000 -9991
-10000 -9990
-10000 -9989
-10000 -9988
-10000 -9987
-10000 -9986
-10000 -9985
-10000 -9984
-10000 -9983
-10000 -9982
-10000 -9981
-10000 -9980
-10000 -9979
-10000 -9978
-10000 -9977
-10000 -9976
-10000 -9975
-10000 -9974
-10000 -9973
-10000 -9972
-10000 -9971
-10000 -9970
-10000 -9969
-10000 -9968
-10000 -9967
-10000 -9966
-10000 -9965
-10000 -9964
-10000 -9963
-10000 -9962
-10000 -9961
-10000 -9960
-10000 -9959
-10000 -9958
-10000 -9957
-10000 -9956
-10000 -9955
-10000 -9954
-10000 -9953
-10000 -9952
-10000 -9951
-10000 -9950
-10000 -9949
-10000 -9948
-10000 -9947
-10000 -9946
-10000 -9945
-10000 -9944
-10000 -9943
-10000 -9942
-10000 -9941
-10000 -9940
-10000 -9939
-10000 -9938
-10000 -9937
-10000 -9936
-10000 -9935
-10000 -9934
-10000 -9933
-10000 -9932
-10000 -9931
-10000 -9930
-10000 -9929
-10000 -9928
-10000 -9927
-10000 -9926
-10000 -9925
-10000 -9924
-10000 -9923
-10000 -9922
-10000 -9921
-10000 -9920
-10000 -9919
-10000 -9918
-10000 -9917
-10000 -9916
-10000 -9915
-10000 -9914
-10000 -9913
-10000 -9912
-10000 -9911
-10000 -9910
-10000 -9909
-10000 -9908
-10000 -9907
-10000 -9906
-10000 -9905
-10000 -9904
-10000 -9903
-10000 -9902
-10000 -9901
-9999 -10000
-9998 -10000
-9997 -10000
-9996 -10000
-9995 -10000
-9994 -10000
-9993 -10000
-9992 -10000
-9991 -10000
-9990 -10000
-9989 -10000
-9988 -10000
-9987 -10000
-9986 -10000
-9985 -10000
-9984 -10000
-9983 -10000
-9982 -10000
-9981 -10000
-9980 -10000
-9979 -10000
-9978 -10000
-9977 -10000
-9976 -10000
-9975 -10000
-9974 -10000
-9973 -10000
-9972 -10000
-9971 -10000
-9970 -10000
-9969 -10000
-9968 -10000
-9967 -10000
-9966 -10000
-9965 -10000
-9964 -10000
-9963 -10000
-9962 -10000
-9961 -10000
-9960 -10000
-9959 -10000
-9958 -10000
-9957 -10000
-9956 -10000
-9955 -10000
-9954 -10000
-9953 -10000
-9952 -10000
-9951 -10000
-9950 -10000
-9949 -10000
-9948 -10000
-9947 -10000
-9946 -10000
-9945 -10000
-9944 -10000
-9943 -10000
-9942 -10000
-9941 -10000
-9940 -10000
-9939 -10000
-9938 -10000
-9937 -10000
-9936 -10000
-9935 -10000
-9934 -10000
-9933 -10000
-9932 -10000
-9931 -10000
-9930 -10000
-9929 -10000
-9928 -10000
-9927 -10000
-9926 -10000
-9925 -10000
-9924 -10000
-9923 -10000
-9922 -10000
-9921 -10000
-9920 -10000
-9919 -10000
-9918 -10000
-9917 -10000
-9916 -10000
-9915 -10000
-9914 -10000
-9913 -10000
-9912 -10000
-9911 -10000
-9910 -10000
-9909 -10000
-9908 -10000
-9907 -10000
-9906 -10000
-9905 -10000
-9904 -10000
-9903 -10000
-9902 -10000
-9901 -10000
-617 886
