20 20 20
19 13 9 14 18 8 10 18 18 7 12 5 9 15 16 19 3 11 2 2
11 8 19 20 15 17 2 6 19 18 5 17 15 20 7 7 18 2 19 7
19 15 12 11 18 8 20 4 4 5 4 16 4 20 1 7 3 3 2 19
3 12 19 19 19 14 1 2 19 18 12 6 14 12 1 12 2 20 5 19
12 13 8 2 13 18 15 18 14 8 17 17 4 16 20 5 4 17 8 8
1 1 14 2 4 2 11 5 1 8 16 5 7 8 2 9 18 20 19 16
10 20 19 1 9 9 18 19 18 8 14 5 5 8 1 15 7 17 2 17
2 9 1 13 13 9 6 12 14 19 18 14 2 12 9 3 15 1 11 13
1 8 2 5 18 17 9 2 12 14 3 1 1 9 4 18 11 20 13 16
2 11 16 6 17 11 6 19 13 2 20 7 14 20 5 7 13 9 14 1
19 5 13 13 7 5 4 18 11 2 6 5 9 4 16 6 13 10 6 20
12 10 5 14 3 9 20 11 17 12 15 6 20 8 12 5 11 4 3 16
10 2 13 11 12 6 4 9 17 11 17 2 7 11 10 4 13 6 12 11
15 10 14 16 19 10 9 16 10 20 11 13 4 5 15 13 14 13 6 18
20 17 8 11 10 6 6 15 9 3 9 17 3 19 13 11 8 12 3 7
20 16 8 15 6 10 18 12 20 9 15 7 8 10 18 9 19 15 2 6
1 5 13 1 4 2 12 7 8 4 18 5 20 11 4 15 18 6 1 19
1 18 6 20 20 18 3 13 8 2 10 1 2 19 18 4 11 1 13 20
9 1 10 11 2 19 5 18 10 8 17 11 14 3 5 3 8 13 20 6
5 19 10 9 13 6 19 14 7 7 2 7 12 8 16 13 4 18 17 7

