80
22090 2684 123
5542 5936 700
17445 19756 2086
18418 6887 497
3348 7172 3435
12009 2336 608
16342 17587 2685
19301 22713 1836
321 1255 1085
19599 17721 3422
5939 14811 776
15667 11705 3018
11127 4150 3387
21658 13920 2512
2422 17269 1703
4081 20630 995
4292 11972 2927
23850 22625 1749
16222 14299 2122
6042 8898 44
2298 6190 2946
17590 13209 2496
13819 24336 2841
21155 20994 3391
10379 14769 1800
6776 18850 1318
21860 23142 2237
20884 21993 7
17621 4567 3392
15613 1961 1820
6326 4259 340
3202 13202 2240
11784 2021 144
15868 14528 2884
8872 24908 219
10498 23036 2742
7753 11248 2574
8333 7133 2399
22890 24754 2722
1746 15368 2382
14500 13046 3468
24797 16249 517
23303 3033 126
12497 10253 2104
22686 19125 473
13996 20975 1847
24157 3729 2311
7460 3414 3462
20460 1304 3470
13027 3050 3125
7556 8902 2471
22697 8699 3124
1039 7002 2670
6403 19500 371
17647 8538 1867
20151 22535 1799
4339 21692 156
16127 20504 506
10049 15964 194
11429 20343 364
3177 2900 175
7971 16949 2214
20367 17988 648
10795 15743 2364
2829 8390 840
5340 3541 792
3826 24232 2714
6042 15360 1608
3023 16761 2535
1309 3190 1977
18996 6367 2315
4234 5690 3439
14524 1057 956
23168 3205 821
1312 22386 226
4346 2726 3225
4916 6552 3174
18529 3946 2386
2647 6970 744
19080 24631 2635
